-33.023900	-33.034400	-7.252250	-7.397880	0
-32.250600	-31.992800	-7.412970	-7.588470	1
-31.568400	-30.841500	-7.302500	-7.582040	2
-30.881600	-29.687000	-7.249550	-7.566810	3
-29.991400	-28.605800	-7.325780	-7.408010	4
-29.360900	-27.684000	-7.450350	-7.289630	5
-28.638600	-26.790400	-7.358240	-7.106400	6
-27.496800	-25.734200	-7.023660	-6.941980	7
-26.418200	-24.472700	-6.721730	-6.993300	8
-25.586700	-23.322500	-6.569840	-7.021750	9
-24.757500	-22.281200	-6.434040	-7.042460	10
-23.785900	-21.119400	-6.319590	-7.069250	11
-22.822700	-19.919900	-6.120630	-6.911290	12
-21.877600	-18.846000	-5.885190	-6.683990	13
-21.065900	-17.978700	-5.685770	-6.465520	14
-20.289800	-17.072300	-5.493190	-6.226840	15
-19.299700	-15.830600	-5.355790	-6.046740	16
-18.245500	-14.412800	-5.269350	-5.954680	17
-17.329300	-13.254000	-5.144860	-5.859420	18
-16.490200	-12.325800	-4.900770	-5.620770	19
-15.467400	-11.440000	-4.579380	-5.281060	20
-14.520300	-10.709500	-4.370180	-4.998360	21
-13.948800	-9.920940	-4.287200	-4.797250	22
-13.307300	-9.023760	-4.157370	-4.624500	23
-12.638100	-8.292850	-4.034390	-4.558680	24
-12.018600	-7.558610	-3.933480	-4.509870	25
-11.381200	-6.744180	-3.740760	-4.357190	26
-10.894800	-5.955820	-3.532790	-4.253060	27
-10.383600	-5.186820	-3.473220	-4.235030	28
-9.859320	-4.468280	-3.458190	-4.180260	29
-9.339620	-3.797170	-3.247490	-3.984490	30
-8.781930	-3.228650	-3.051150	-3.843950	31
-8.246560	-2.758980	-3.031230	-3.815110	32
-7.761550	-2.281680	-2.839110	-3.640770	33
-7.582560	-1.536810	-2.512890	-3.338150	34
-7.426180	-0.512036	-2.435570	-3.130650	35
-6.994630	0.432446	-2.478830	-2.959820	36
-6.598780	1.052740	-2.441940	-2.654970	37
-6.204870	1.719610	-2.401550	-2.346430	38
-5.920200	2.595130	-2.354520	-2.118670	39
-5.628460	3.075880	-2.256010	-1.920720	40
-5.114340	3.443030	-2.132370	-1.712650	41
-4.774330	4.031610	-2.021460	-1.550370	42
-4.702760	4.592590	-1.967420	-1.428960	43
-4.578620	4.980060	-2.024500	-1.201880	44
-4.159190	5.179760	-1.973710	-0.764566	45
-3.691220	5.473340	-1.805450	-0.322289	46
-3.564330	5.881510	-1.724690	-0.158714	47
-3.513590	6.306470	-1.557730	-0.127500	48
-3.201940	6.588560	-1.344300	-0.206399	49
-2.682720	6.655850	-1.271500	-0.470226	50
-2.347520	6.881790	-1.275050	-0.717100	51
-2.283460	7.185500	-1.264340	-0.855212	52
-2.114470	7.299160	-1.279450	-0.931143	53
-1.943570	7.458730	-1.288580	-0.925285	54
-1.835370	7.578900	-1.265670	-0.826293	55
-1.819650	7.587160	-1.319890	-0.716263	56
-1.846630	7.662350	-1.470440	-0.731854	57
-1.652680	7.732480	-1.706540	-0.946119	58
-1.179720	7.750740	-1.879090	-1.158370	59
-0.740758	7.629010	-1.933530	-1.385560	60
-0.734088	7.433330	-1.980290	-1.779960	61
-0.877081	7.339830	-1.930130	-2.110620	62
-0.888201	7.193760	-1.749530	-2.210600	63
-0.737172	7.000260	-1.593560	-2.200010	64
-0.457928	6.859590	-1.573060	-2.259410	65
-0.275680	6.580660	-1.625000	-2.380300	66
-0.329621	6.144520	-1.847010	-2.642980	67
-0.556173	5.702410	-2.164380	-2.990870	68
-0.716058	5.304210	-2.278480	-3.158420	69
-0.838473	4.966490	-2.290070	-3.321200	70
-1.013470	4.629110	-2.393780	-3.620080	71
-0.958667	4.246680	-2.546430	-3.872900	72
-0.853052	3.806420	-2.664470	-4.006680	73
-0.626669	3.340880	-2.763610	-4.057850	74
-0.400880	2.960920	-2.923530	-4.097220	75
-0.776259	2.722130	-3.143560	-4.210340	76
-1.233520	2.489480	-3.309850	-4.302060	77
-1.492650	2.139850	-3.381810	-4.223760	78
-1.486760	1.752640	-3.408610	-4.078280	79
-1.365820	1.419460	-3.396220	-3.944710	80
-1.653170	1.128450	-3.377580	-3.831730	81
-1.912580	0.801804	-3.404910	-3.819900	82
-1.909420	0.554444	-3.471890	-3.956650	83
-1.967370	0.435833	-3.592830	-4.153420	84
-2.054440	0.241586	-3.698090	-4.284580	85
-2.136660	0.059062	-3.737080	-4.323830	86
-2.263920	-0.098161	-3.770120	-4.314890	87
-2.265280	-0.296909	-3.863870	-4.311570	88
-2.486500	-0.176499	-4.025790	-4.300030	89
-2.894160	0.003772	-4.188450	-4.282430	90
-2.893940	-0.208649	-4.333320	-4.307490	91
-2.970080	-0.385799	-4.411280	-4.363700	92
-3.381890	-0.167459	-4.449770	-4.468130	93
-3.622060	0.104284	-4.524620	-4.656350	94
-3.764430	0.373889	-4.425710	-4.694280	95
-3.943140	0.701673	-4.130450	-4.506900	96
-3.937600	0.795378	-3.968140	-4.373490	97
-3.983260	0.912448	-3.951360	-4.329680	98
-3.897520	0.845983	-3.931960	-4.287090	99
-3.551800	0.577993	-3.902130	-4.258920	100
-3.561660	0.570859	-3.892850	-4.266620	101
-3.952690	0.543758	-3.962750	-4.378220	102
-4.206990	0.450364	-3.957380	-4.489210	103
-4.165760	0.384505	-3.894920	-4.485360	104
-4.125590	0.346234	-3.936150	-4.424760	105
-4.244590	0.310422	-4.013360	-4.351410	106
-4.483830	0.216222	-4.164810	-4.307590	107
-4.519590	0.066496	-4.292940	-4.220330	108
-4.456240	0.109459	-4.322180	-4.151450	109
-4.601780	0.366682	-4.348780	-4.227160	110
-4.740400	0.450596	-4.348240	-4.272570	111
-5.018810	0.504488	-4.402130	-4.324300	112
-5.258720	0.432436	-4.484040	-4.426770	113
-5.364630	0.306249	-4.519610	-4.454660	114
-5.680540	0.530236	-4.559330	-4.492180	115
-5.883570	0.787296	-4.552710	-4.529340	116
-5.790740	0.822813	-4.565560	-4.577490	117
-5.777310	0.834395	-4.630470	-4.699310	118
-5.909750	1.001160	-4.642850	-4.779130	119
-6.046560	1.152870	-4.594130	-4.731300	120
-6.148700	1.208230	-4.532130	-4.679890	121
-6.146380	1.289470	-4.434790	-4.715750	122
-6.121810	1.344220	-4.315760	-4.753350	123
-6.221070	1.333660	-4.091000	-4.724510	124
-6.246500	1.338060	-3.768300	-4.654750	125
-6.294090	1.345630	-3.828200	-4.753030	126
-6.275600	1.294890	-3.566380	-4.583180	127
-6.194940	1.233180	-3.552230	-4.543190	128
-6.269170	1.168260	-3.586360	-4.509360	129
-6.292860	0.997467	-3.577580	-4.423870	130
-6.281280	0.866702	-3.587330	-4.362910	131
-6.382550	0.928759	-3.495630	-4.301130	132
-6.672450	1.006160	-3.378660	-4.261470	133
-6.939480	0.953671	-3.394950	-4.351130	134
-6.895930	0.896972	-3.343080	-4.455340	135
-6.918960	1.055480	-3.210290	-4.499840	136
-7.106820	1.169460	-3.152180	-4.523800	137
-7.315560	1.122630	-3.165680	-4.498510	138
-7.453370	1.118190	-3.217060	-4.475130	139
-7.397530	1.124920	-3.251240	-4.438710	140
-7.304690	1.148550	-3.260260	-4.333040	141
-7.192390	1.134990	-3.228000	-4.229490	142
-7.228600	1.134820	-3.088070	-4.180220	143
-7.434000	1.281430	-3.029330	-4.243800	144
-7.545870	1.416120	-2.971260	-4.218410	145
-7.716430	1.483210	-2.794650	-4.069510	146
-7.695900	1.386110	-2.771940	-4.058440	147
-7.471530	1.138340	-2.865930	-4.092650	148
-7.580470	1.052820	-2.916190	-4.073440	149
-7.975750	1.199380	-2.896510	-4.026190	150
-8.198250	1.293500	-2.854370	-3.964490	151
-8.259250	1.257770	-2.831540	-3.908480	152
-8.664920	1.214370	-2.823750	-3.811060	153
-9.040870	1.030930	-2.817770	-3.626090	154
-8.887480	0.649517	-2.783710	-3.458060	155
-8.888250	0.455791	-2.692200	-3.302990	156
-9.186430	0.403916	-2.505140	-3.051230	157
-9.542350	0.248786	-2.302510	-2.860950	158
-9.899890	0.249370	-2.135170	-2.804160	159
-9.956600	0.226754	-1.928050	-2.671970	160
-9.993360	0.128548	-1.668750	-2.471760	161
-10.074900	0.132359	-1.591230	-2.464570	162
-10.344500	0.298275	-1.741420	-2.566260	163
-10.665400	0.480926	-1.766750	-2.478820	164
-10.599700	0.400025	-1.700420	-2.347830	165
-10.656100	0.376810	-1.669560	-2.396030	166
-10.831700	0.497213	-1.625910	-2.440400	167
-10.778600	0.602638	-1.608360	-2.420270	168
-10.662200	0.812217	-1.541410	-2.444670	169
-10.603500	1.129740	-1.450180	-2.553300	170
-10.678300	1.434180	-1.551330	-2.657680	171
-10.740100	1.604950	-1.810190	-2.559150	172
-10.514400	1.627430	-1.990060	-2.379400	173
-10.010700	1.548270	-2.134600	-2.380370	174
-9.697680	1.499350	-2.327920	-2.508550	175
-9.663050	1.364880	-2.556360	-2.626440	176
-9.400980	0.931683	-2.911170	-2.908910	177
-9.309110	0.451871	-3.593300	-3.559740	178
-9.644820	0.084086	-2.926980	-3.393890	179
-10.010400	-0.301284	-2.854000	-3.625110	180
-10.522000	-0.714709	-3.241410	-4.089670	181
-11.173100	-1.119410	-3.774360	-4.631120	182
-11.679900	-1.690110	-4.236330	-5.031600	183
-11.956400	-2.722420	-4.057600	-5.764270	184
-12.197900	-4.110270	-4.423310	-5.950310	185
-12.730000	-5.481790	-4.766340	-6.378740	186
-13.666100	-6.834440	-5.075680	-6.828470	187
-14.865200	-8.322150	-5.506300	-7.436820	188
-16.472100	-9.786450	-6.027170	-8.370570	189
-18.690300	-10.988900	-6.449690	-8.843650	190
-20.925300	-12.376000	-6.749530	-9.364540	191
-23.001100	-14.052400	-7.280680	-10.001100	192
-25.010700	-15.684200	-7.242710	-9.779590	193
-26.710500	-17.485900	-7.523530	-10.226700	194
-28.455300	-19.319200	-7.894690	-10.816200	195
-30.383000	-21.026300	-8.173060	-11.155800	196
-32.367200	-22.705400	-8.489600	-11.436400	197
-34.483100	-24.303300	-8.482890	-11.421200	198
-36.550600	-25.787600	-7.991400	-10.986100	199
-38.218600	-27.173100	-7.759120	-10.757500	200
-39.318200	-28.664400	-7.935890	-10.889900	201
-40.101800	-30.325700	-8.147860	-11.077600	202
-40.456800	-31.765000	-8.530140	-11.392700	203
-40.174000	-32.909400	-9.581660	-12.436600	204
-39.912900	-34.059900	-9.503080	-12.260500	205
-39.891600	-35.118900	-9.921340	-12.522200	206
-39.762600	-35.794700	-10.187400	-12.654700	207
-39.909200	-36.183200	-10.008300	-12.501700	208
-38.803800	-35.408800	-9.806640	-12.334700	209
-37.882400	-35.190000	-9.693650	-12.139800	210
-36.880800	-34.733500	-9.824100	-12.093200	211
-35.799300	-33.685500	-10.111000	-12.186700	212
-34.601400	-32.325900	-10.255600	-12.164200	213
-33.358500	-31.035000	-10.356300	-12.119300	214
-32.008400	-29.828800	-10.480500	-12.131600	215
-30.027600	-28.597200	-10.649900	-12.233000	216
-27.469700	-26.197600	-10.913800	-12.489400	217
-24.830400	-24.593300	-11.205300	-12.765100	218
-21.885300	-23.767400	-11.442300	-12.901900	219
-18.934800	-23.173200	-11.658000	-12.963000	220
-16.939800	-22.806600	-11.974900	-13.114500	221
-15.798700	-23.466800	-12.239700	-13.216200	222
-15.919600	-24.499300	-12.219800	-13.094500	223
-17.236300	-25.192800	-12.049500	-12.914700	224
-18.718000	-25.717800	-11.894800	-12.778700	225
-20.457600	-26.454600	-11.835600	-12.724200	226
-22.927600	-27.344200	-11.789900	-12.752200	227
-25.976800	-28.173500	-11.654400	-12.700900	228
-28.758900	-29.216100	-11.649500	-12.713800	229
-30.788700	-30.357500	-11.716400	-12.789700	230
-32.765800	-31.590200	-11.755500	-12.837000	231
-34.190000	-32.987900	-11.467200	-12.649000	232
-35.222900	-34.188900	-11.036400	-12.383100	233
-36.163000	-35.182300	-10.583600	-12.224200	234
-37.319200	-36.207800	-10.326500	-12.373800	235
-38.552600	-37.034500	-10.034900	-12.484900	236
-39.468100	-37.445800	-9.791030	-12.435900	237
-40.055600	-37.663600	-9.830910	-12.509600	238
-40.490200	-38.003600	-9.983370	-12.663300	239
-40.366100	-38.463900	-9.923650	-12.555500	240
-39.961300	-38.872100	-9.546270	-12.168600	241
-39.589500	-38.995200	-9.186980	-11.854100	242
-38.920500	-38.894500	-8.976460	-11.642800	243
-38.140400	-38.656800	-8.816190	-11.451100	244
-37.240800	-38.111900	-8.889280	-11.503100	245
-35.748100	-37.089700	-9.137780	-11.734400	246
-33.618100	-35.638700	-9.219480	-11.817100	247
-31.155000	-34.010000	-9.177390	-11.817700	248
-28.998900	-32.246100	-9.193410	-11.909100	249
-26.423700	-30.155300	-9.266440	-12.002100	250
-23.820700	-27.992500	-9.354910	-12.014300	251
-21.286600	-26.122100	-9.430800	-11.916900	252
-18.703700	-24.833900	-9.548240	-11.889100	253
-16.658700	-24.272700	-9.624660	-11.892900	254
-15.429200	-24.124400	-9.543910	-11.713700	255
-15.156000	-24.201400	-9.484800	-11.521300	256
-15.284100	-24.389200	-9.593330	-11.415700	257
-16.373800	-24.603700	-9.759790	-11.375200	258
-17.946800	-24.844200	-9.895360	-11.414900	259
-19.892700	-25.160500	-9.888620	-11.340400	260
-22.362100	-25.672700	-9.841250	-11.238000	261
-24.683000	-26.413100	-9.844590	-11.194700	262
-26.706000	-27.076100	-9.821400	-11.130600	263
-28.511400	-27.571700	-9.729340	-11.053800	264
-29.816800	-28.222300	-9.623680	-10.990700	265
-30.993400	-28.941500	-9.513970	-10.995700	266
-32.250600	-29.613500	-9.446690	-11.039000	267
-33.021700	-30.258200	-9.468300	-11.090400	268
-33.363300	-30.890600	-9.429690	-11.094100	269
-33.590300	-31.478100	-9.377860	-11.030600	270
-33.565000	-31.790700	-9.381560	-10.968200	271
-33.503300	-32.066700	-9.292950	-10.868500	272
-33.290000	-32.422100	-9.105640	-10.772600	273
-32.691100	-32.441200	-8.886840	-10.674500	274
-32.043000	-32.147400	-8.658680	-10.529400	275
-31.009200	-31.567300	-8.515820	-10.414900	276
-29.620400	-30.485500	-8.395450	-10.262800	277
-28.362700	-29.011800	-8.318620	-10.205700	278
-27.142900	-27.154700	-8.423410	-10.383800	279
-25.654300	-25.108100	-8.473540	-10.449300	280
-23.962100	-23.093800	-8.427940	-10.345300	281
-22.286800	-20.758500	-8.405330	-10.244500	282
-20.596200	-17.903500	-8.321730	-10.100300	283
-18.845800	-14.677900	-8.219440	-9.968400	284
-16.772900	-11.804000	-8.239080	-9.996260	285
-14.584000	-9.530540	-8.454530	-10.201000	286
-12.800500	-7.596670	-8.653510	-10.367300	287
-10.791300	-6.499580	-8.689180	-10.416900	288
-8.720600	-6.065090	-8.698680	-10.434000	289
-7.302470	-5.924690	-8.826600	-10.454600	290
-6.569650	-6.109200	-8.905930	-10.409600	291
-6.834600	-6.574060	-8.824350	-10.272600	292
-7.560880	-7.597730	-8.884830	-10.233800	293
-8.257390	-9.107760	-8.993420	-10.244800	294
-9.259970	-10.821000	-8.958540	-10.198200	295
-10.857900	-12.531700	-8.844200	-10.092900	296
-12.955900	-14.335000	-8.640790	-9.875900	297
-14.913100	-16.531800	-8.528380	-9.758610	298
-16.915600	-18.672800	-8.515290	-9.773300	299
-19.250900	-20.373600	-8.424740	-9.740780	300
-21.569000	-22.251100	-8.289210	-9.673970	301
-23.649800	-24.121700	-8.093390	-9.551600	302
-25.446000	-25.318900	-7.830770	-9.394390	303
-27.459200	-26.364700	-7.643030	-9.346430	304
-29.458500	-27.560800	-7.609910	-9.434760	305
-30.806500	-28.752000	-7.480810	-9.405800	306
-31.831800	-30.042000	-7.176330	-9.235240	307
-32.761500	-31.181800	-7.104280	-9.190110	308
-33.250500	-32.032600	-7.291810	-9.281710	309
-33.295500	-32.900600	-7.448620	-9.347440	310
-33.313900	-34.008100	-7.496310	-9.228710	311
-33.355000	-35.105300	-7.571110	-9.142500	312
-33.194900	-35.982200	-7.895250	-9.317810	313
-32.833700	-36.903800	-8.273420	-9.361700	314
-32.310900	-37.743500	-8.495280	-9.011990	315
-31.495700	-38.358100	-8.767660	-8.540970	316
-30.487000	-38.893000	-9.100250	-8.065300	317
-29.687700	-39.326300	-9.599740	-7.798740	318
-28.998900	-39.594600	-10.447100	-8.000000	319
-27.951100	-39.595800	-11.305500	-8.401900	320
-26.615200	-39.471800	-11.981800	-8.825670	321
-25.258600	-39.272100	-12.351200	-8.394990	322
-24.026700	-38.610400	-12.839500	-8.183030	323
-22.795800	-38.040600	-13.573600	-8.363640	324
-21.388900	-37.257900	-14.194800	-8.448860	325
-20.064600	-36.542300	-14.765100	-8.474170	326
-18.843400	-35.860600	-15.688600	-8.914380	327
-17.423800	-34.862500	-16.611900	-9.455710	328
-16.140300	-33.788100	-17.246900	-9.718520	329
-15.022500	-32.754000	-17.543700	-9.600500	330
-13.694100	-31.412400	-18.093100	-9.766230	331
-12.696200	-29.784800	-18.474000	-9.859330	332
-12.353200	-28.022500	-18.948100	-10.363200	333
-12.078900	-26.082200	-19.294200	-11.081500	334
-11.207500	-23.951000	-19.573500	-11.947400	335
-10.878700	-21.214400	-19.747400	-12.938900	336
-12.139200	-18.058600	-19.792900	-13.952900	337
-13.768100	-15.130500	-19.851100	-15.136200	338
-14.842700	-11.985500	-19.853900	-16.505700	339
-16.086200	-8.424160	-19.817500	-17.947600	340
-17.631400	-5.145250	-19.799100	-19.485500	341
-19.095900	-1.805180	-19.944000	-21.277100	342
-20.153900	1.921750	-20.186000	-23.190900	343
-22.968000	4.109020	-20.153800	-24.828500	344
-25.039300	6.940410	-19.955800	-26.336600	345
-26.278000	10.031600	-19.935900	-28.002100	346
-27.534600	12.920900	-20.110100	-29.742100	347
-29.104200	15.631000	-20.435200	-31.507300	348
-30.450500	18.443700	-20.908800	-33.260000	349
-31.655900	21.419800	-21.603400	-35.140400	350
-32.770200	24.135700	-22.434300	-36.989300	351
-33.695700	26.594200	-23.458500	-38.706400	352
-34.484300	28.786100	-24.839400	-40.578800	353
-35.218600	30.690500	-26.301500	-42.315900	354
-36.045100	32.168600	-27.752800	-43.788800	355
-36.215500	33.507700	-29.108300	-44.953900	356
-36.458400	34.301300	-30.524900	-46.085100	357
-36.433700	34.680100	-32.091100	-47.234100	358
-35.530600	34.261500	-33.471700	-47.833800	359
-33.946900	33.094900	-34.320900	-47.786700	360
-32.028200	31.477800	-35.107300	-47.630100	361
-29.827300	29.284700	-36.450500	-47.772400	362
-27.181600	26.716000	-37.782100	-47.795400	363
-24.266400	24.081700	-38.568500	-47.293500	364
-21.198700	21.085900	-39.210200	-46.619900	365
-17.740300	17.536400	-40.179100	-46.105300	366
-13.918400	13.905200	-41.423000	-45.837400	367
-9.965640	10.787900	-42.807300	-45.783500	368
-5.695580	7.611310	-44.347000	-45.874500	369
-1.171990	3.682960	-45.983900	-46.109800	370
3.372260	-0.308793	-47.566800	-46.302200	371
7.740700	-3.747520	-49.200100	-46.512200	372
11.696500	-6.973410	-51.059300	-47.018800	373
15.220100	-10.151200	-52.900000	-47.655800	374
18.794000	-13.283100	-54.260100	-47.944900	375
22.550200	-16.440600	-55.808000	-48.561500	376
25.840500	-19.148500	-57.213500	-49.130400	377
28.301700	-21.108300	-58.314400	-49.608400	378
30.335800	-22.725300	-59.382300	-50.328100	379
31.975900	-24.193300	-60.586400	-51.276900	380
32.873100	-25.193100	-61.688200	-52.233000	381
33.155300	-25.607500	-62.287700	-53.012700	382
32.932000	-25.627200	-62.685900	-53.573300	383
32.348000	-25.289500	-62.863300	-54.097000	384
31.431400	-24.442900	-63.022000	-54.757500	385
29.986000	-23.020600	-62.968000	-55.138100	386
28.064900	-21.179300	-62.580600	-55.524600	387
25.960500	-19.357200	-62.363200	-56.342600	388
24.558900	-16.187300	-62.432900	-57.349400	389
22.020200	-13.706100	-62.386000	-58.257400	390
19.124500	-11.677500	-62.107200	-58.953900	391
16.991300	-8.581910	-61.860300	-59.843800	392
14.455500	-5.327700	-61.700900	-60.866100	393
11.803400	-2.540060	-61.576100	-61.722000	394
9.252240	0.190286	-61.795200	-62.968100	395
6.904700	3.429450	-61.966100	-64.237900	396
4.711570	6.630390	-61.961300	-65.260700	397
2.037690	10.109300	-62.054900	-66.285200	398
-0.701049	13.688400	-62.377400	-67.613200	399
-2.742620	16.578800	-62.881000	-69.221000	400
-4.731460	19.638100	-63.360400	-70.643900	401
-7.072940	22.976300	-63.779700	-71.785500	402
-9.322440	25.888900	-64.388000	-73.025500	403
-11.568000	28.801300	-65.368700	-74.463400	404
-13.630700	32.111600	-66.828800	-76.089800	405
-15.566200	35.795000	-68.535300	-77.914400	406
-17.881100	37.331000	-70.370100	-79.603600	407
-19.829000	39.351900	-71.099300	-80.218900	408
-20.918400	40.971300	-69.469600	-78.945700	409
-21.512000	42.045800	-69.324800	-78.793600	410
-22.287400	43.688800	-68.882600	-78.443900	411
-23.576200	44.685800	-72.868100	-81.433900	412
-24.222400	45.325800	-76.257300	-83.750400	413
-24.105600	44.405500	-76.397700	-83.363200	414
-23.727100	43.921100	-75.242000	-81.914000	415
-22.458900	43.145900	-74.538100	-80.716800	416
-21.178100	41.728900	-74.228900	-79.815200	417
-19.765600	40.207700	-74.424800	-79.226400	418
-18.106900	38.546900	-74.503900	-78.440900	419
-15.997000	36.710900	-74.028400	-77.218100	420
-13.494100	34.452300	-74.018300	-76.289100	421
-10.599500	32.022400	-74.051900	-75.359500	422
-7.415940	29.444300	-74.257100	-74.681900	423
-4.264250	26.617200	-74.551900	-74.159200	424
-0.932655	23.500500	-74.706700	-73.340100	425
2.475520	20.094100	-74.733500	-72.577200	426
5.790840	16.356000	-75.451000	-72.996900	427
9.428410	12.298800	-76.341700	-73.574400	428
13.081700	8.454680	-75.603900	-72.031000	429
16.377400	4.828760	-74.497500	-69.899400	430
19.525600	1.056920	-74.286400	-68.900000	431
22.159100	-1.322280	-74.239900	-68.413800	432
24.204400	-4.866350	-73.898300	-67.733200	433
26.300800	-8.124060	-73.619100	-67.013700	434
28.197500	-11.093700	-73.496900	-66.748100	435
29.270100	-13.735500	-73.187900	-66.574600	436
29.926800	-15.692400	-72.645300	-66.065600	437
30.495200	-16.877400	-72.103700	-65.474800	438
30.388600	-17.776800	-71.587100	-65.001100	439
29.362400	-18.149700	-71.034000	-64.677600	440
27.916200	-18.493400	-70.392700	-64.341900	441
26.488700	-17.972200	-69.862700	-64.041500	442
25.059500	-17.364100	-69.294500	-63.635400	443
23.330700	-16.667900	-68.307100	-63.001000	444
21.188000	-15.696700	-67.242800	-62.518100	445
18.974300	-14.378500	-66.157500	-61.941500	446
16.648800	-12.694400	-64.854500	-61.069700	447
13.911800	-10.864600	-63.546800	-60.378900	448
11.089600	-8.801340	-62.220200	-59.778000	449
8.458830	-6.648490	-60.885200	-59.108200	450
5.822180	-4.532840	-59.697100	-58.693000	451
3.011220	-2.210200	-58.267700	-58.105300	452
0.280278	0.086729	-56.619400	-57.282700	453
-2.370750	2.220090	-55.148600	-56.633300	454
-5.167050	4.382680	-53.765000	-56.028000	455
-7.981680	6.667240	-52.480400	-55.478200	456
-10.601300	8.777500	-51.360200	-55.036000	457
-13.422000	10.752000	-50.171800	-54.580600	458
-16.014500	12.915300	-48.689700	-53.762600	459
-18.414000	14.742400	-47.165700	-52.784200	460
-20.932100	16.213600	-46.046000	-52.328600	461
-23.214100	17.582100	-45.404000	-51.857300	462
-25.236400	18.458600	-43.652400	-50.499300	463
-27.312500	18.934800	-42.141700	-49.377200	464
-29.360100	19.190100	-41.157100	-48.543700	465
-31.009400	18.984700	-40.070900	-47.473900	466
-32.021500	18.406600	-38.686600	-46.155200	467
-32.681500	17.621700	-37.382700	-44.865400	468
-33.311600	16.334300	-36.386600	-43.650000	469
-33.785400	14.670800	-35.247100	-42.265600	470
-33.920000	12.850400	-34.117900	-40.756500	471
-33.797300	10.467700	-33.210000	-39.187400	472
-33.537600	7.657460	-32.289800	-37.523000	473
-33.114200	5.012500	-31.492900	-36.005800	474
-32.392600	2.479650	-30.716200	-34.489800	475
-31.278100	-0.265042	-29.589100	-32.510800	476
-29.969900	-3.058290	-28.513000	-30.390900	477
-28.622800	-5.904260	-27.926500	-28.666900	478
-27.133600	-8.909640	-27.514200	-27.095700	479
-25.563300	-11.951500	-27.012300	-25.356200	480
-23.963000	-14.887900	-26.383100	-23.476900	481
-22.190400	-17.729800	-25.690400	-21.668000	482
-20.124400	-20.590900	-25.134600	-20.082200	483
-17.913800	-23.183200	-24.719600	-18.617600	484
-15.924900	-25.539600	-24.409600	-17.223800	485
-14.259800	-27.842100	-24.030000	-15.703100	486
-12.620700	-29.902300	-23.473100	-14.028900	487
-10.365400	-31.293400	-22.908400	-12.449100	488
-8.169140	-31.979300	-22.555100	-11.277300	489
-6.184590	-32.606000	-22.278000	-10.374500	490
-5.469160	-34.030900	-21.567200	-9.095090	491
-4.264810	-34.554700	-20.594800	-7.731500	492
-2.945230	-34.609300	-19.754100	-6.727660	493
-1.730730	-34.280800	-18.909100	-5.757840	494
-0.710625	-33.564200	-18.118300	-4.999950	495
0.040033	-32.744500	-17.337300	-4.566410	496
0.603810	-31.773200	-16.514200	-4.088250	497
0.919638	-30.515300	-15.712300	-3.519040	498
0.967047	-29.424900	-14.701700	-2.909690	499
0.620466	-28.743100	-13.711100	-2.428660	500
0.292920	-27.691000	-12.985400	-2.182100	501
0.489283	-25.915100	-12.277100	-2.137350	502
0.832947	-23.929000	-11.467400	-2.241580	503
0.777421	-21.986500	-10.631200	-2.314560	504
0.428156	-20.024200	-9.905490	-2.340930	505
0.006280	-18.083800	-9.361940	-2.451420	506
-0.282147	-16.243500	-8.917390	-2.515010	507
-0.353970	-14.451300	-8.506950	-2.418460	508
-0.449441	-12.673000	-7.997050	-2.245920	509
-0.643917	-10.969000	-7.396440	-1.994640	510
-1.120240	-9.533240	-7.084750	-1.793330	511
-1.631460	-8.083190	-7.050040	-1.397920	512
-2.008050	-6.666250	-6.942740	-0.382997	513
-2.660030	-5.949910	-6.730710	-0.273895	514
-3.505140	-5.631420	-6.596790	-0.231068	515
-4.132490	-5.089610	-6.525370	-0.278498	516
-4.605650	-4.471390	-6.316320	-0.210424	517
-5.239400	-4.069320	-5.986660	-0.055866	518
-5.751970	-3.733850	-5.642130	0.143314	519
-5.685230	-3.180740	-5.431540	0.247900	520
-5.395980	-2.632540	-5.401620	0.191580	521
-5.423410	-2.371470	-5.380940	0.213885	522
-6.324280	-2.981640	-5.248540	0.428119	523
-7.149650	-4.117630	-5.079510	0.698517	524
-7.682040	-4.871640	-4.969650	0.897989	525
-7.890060	-5.170180	-4.891880	1.064920	526
-7.889630	-5.626050	-4.873300	1.158910	527
-8.094270	-6.078610	-4.899640	1.207580	528
-8.263440	-6.553440	-4.909280	1.281900	529
-8.574870	-6.655730	-4.872340	1.277520	530
-9.196370	-7.418270	-4.749310	1.245320	531
-9.952260	-7.723480	-4.511060	1.277660	532
-10.571900	-8.131160	-4.136770	1.329800	533
-10.868300	-8.254780	-3.728050	1.404040	534
-11.067800	-8.302990	-3.479440	-0.079010	535
-11.443100	-8.821720	-3.364090	-0.569690	536
-11.770300	-9.516620	-3.187300	-0.472876	537
-11.952700	-9.506440	-2.943920	-0.193716	538
-12.101400	-9.338290	-2.741550	-0.050581	539
-12.200900	-9.389140	-2.610700	0.157275	540
-12.310300	-9.188380	-2.453430	0.604021	541
-12.519300	-9.196300	-2.211400	1.148080	542
-12.917500	-9.571700	-2.073660	1.245250	543
-13.256800	-9.755600	-2.100870	1.075330	544
-13.228300	-9.775720	-2.083780	1.160360	545
-13.169700	-9.882690	-1.906110	1.093370	546
-13.426900	-10.183200	-1.649330	0.694163	547
-13.802300	-10.586200	-1.463710	0.473606	548
-14.120900	-11.017700	-1.404900	0.324594	549
-14.321900	-11.532000	-1.261520	0.028909	550
-14.438600	-11.908000	-1.078750	-0.221163	551
-14.665600	-12.255500	-1.031720	-0.324728	552
-15.077600	-12.728400	-0.966728	-0.429582	553
-15.432200	-13.136300	-0.820935	-0.602213	554
-15.439100	-13.547200	-0.760756	-0.624298	555
-15.610600	-14.239800	-0.687586	-0.384553	556
-16.158300	-14.850300	-0.509955	-0.156746	557
-16.953000	-15.853600	-0.453967	-0.129951	558
-17.074800	-16.673000	-0.398768	0.074376	559
-16.754200	-16.952600	-0.244104	0.410744	560
-16.919800	-17.523300	-0.116847	0.536482	561
-17.944500	-18.169000	-0.007105	0.641850	562
-19.359100	-18.267100	0.102130	0.708403	563
-18.734300	-18.848700	0.241776	0.608541	564
-18.927400	-19.434300	0.392903	0.550978	565
-19.267700	-19.748200	0.553854	0.726755	566
-19.665900	-20.122200	0.699204	0.934716	567
-20.771400	-20.547000	0.623382	0.935965	568
-20.032000	-21.276600	0.377303	0.903453	569
-19.756900	-21.683400	0.252498	0.943041	570
-19.458600	-21.489900	0.299250	0.928779	571
-19.004900	-21.083400	0.379642	0.779056	572
-18.669500	-20.688800	0.462463	0.523168	573
-18.811900	-20.190500	0.551492	0.208257	574
-18.866800	-20.795800	0.672358	0.073776	575
-18.318300	-20.391500	0.739770	0.227384	576
-17.813000	-19.815800	0.598302	0.259715	577
-17.612400	-19.214100	0.472361	0.226663	578
-17.484400	-18.597900	0.370822	0.365592	579
-17.412900	-18.301100	0.221993	0.489078	580
-17.455100	-18.173300	0.287433	0.678432	581
-17.288300	-17.761500	0.400876	0.978124	582
-16.973300	-17.292100	0.325945	1.124350	583
-16.843000	-17.130300	0.319912	1.089480	584
-16.804900	-16.940500	0.462117	1.012320	585
-16.898100	-16.671600	0.580796	0.914348	586
-16.795600	-16.518500	0.641717	0.781111	587
-16.591500	-16.449600	0.699993	0.693470	588
-16.561900	-15.934900	0.687825	0.666804	589
-16.585700	-15.977600	0.622204	0.765066	590
-16.531900	-15.792300	0.627202	0.890075	591
-16.497600	-15.706000	0.554778	0.791640	592
-16.696500	-15.711900	0.475178	0.672036	593
-16.807700	-15.444800	0.445425	0.526042	594
-16.841200	-15.162500	0.348943	0.343227	595
-17.037500	-15.247700	0.276052	0.365958	596
-17.133200	-15.263100	0.357457	0.480093	597
-16.994000	-15.103200	0.427756	0.489795	598
-17.065800	-15.321000	0.227118	0.409509	599
-17.324600	-15.594000	0.010371	0.386087	600
-17.079400	-15.268700	-0.051236	0.489612	601
-17.776200	-16.030000	-0.121007	0.632265	602
-17.818800	-16.497900	-0.260535	0.672351	603
-17.786900	-17.022000	-0.365446	0.644904	604
-18.013500	-17.220200	-0.296718	0.705898	605
-18.405800	-17.891300	-0.218878	0.769287	606
-18.808000	-18.125800	-0.292317	0.694992	607
-18.832400	-18.485800	-0.481820	0.604236	608
-18.864200	-18.904200	-0.573160	0.770074	609
-19.192800	-19.639300	-0.497274	1.134080	610
-19.333700	-20.079700	-0.477542	1.352480	611
-19.043100	-20.482900	-0.532479	1.474760	612
-18.710900	-20.110700	-0.614438	1.520060	613
-18.575300	-19.950400	-0.657407	1.359770	614
-18.482600	-20.058000	-0.634998	1.066050	615
-18.406000	-19.953700	-0.565979	0.646554	616
-18.339900	-19.210700	-0.467261	0.229970	617
-18.070600	-18.609600	-0.375222	-0.076035	618
-17.754900	-18.504900	-0.181501	-0.273697	619
-17.545700	-17.909500	-0.021660	-0.439909	620
-17.432400	-17.004700	-0.032329	-0.619391	621
-17.304500	-16.143000	-0.098906	-0.697137	622
-17.187000	-15.198100	-0.240727	-0.628588	623
-16.993500	-15.059700	-0.408936	-0.525396	624
-16.756900	-14.663500	-0.555092	-0.448028	625
-16.541300	-14.052800	-0.614441	-0.248094	626
-16.516700	-13.602100	-0.523224	-0.120790	627
-16.668700	-13.234900	-0.399301	-0.203841	628
-16.851800	-13.011200	-0.345763	-0.296583	629
-16.647800	-12.615300	-0.366754	-0.435499	630
-16.332200	-12.198900	-0.375989	-0.510008	631
-16.207100	-11.888300	-0.448698	-0.383299	632
-16.352100	-11.638600	-0.674677	-0.276079	633
-16.494300	-11.529900	-1.190020	-0.393462	634
-16.518900	-11.546800	-0.603014	-0.303276	635
-16.341600	-11.470900	-0.475207	-0.267503	636
-16.199600	-11.295500	-0.415050	-0.279697	637
-16.188100	-11.114100	-0.396278	-0.404356	638
-16.461600	-11.129700	-0.420488	-0.419664	639
-16.752500	-11.421000	-0.405286	-0.343450	640
-16.843600	-11.573500	-0.292819	-0.365223	641
-17.091300	-11.816600	-0.181244	-0.406242	642
-17.258100	-12.177900	-0.203343	-0.470690	643
-17.231400	-12.392800	-0.212572	-0.583486	644
-17.276000	-12.690600	-0.214748	-0.627831	645
-17.350500	-13.121900	-0.331572	-0.536348	646
-17.492400	-13.633200	-0.515726	-0.333751	647
-17.633500	-14.002000	-0.862285	-0.210015	648
-17.809100	-14.380400	-1.689090	-0.334689	649
-17.973500	-14.921200	-1.022820	0.176406	650
-18.077500	-15.634700	-0.929805	0.328339	651
-18.430700	-16.630600	-0.965943	0.321377	652
-18.781400	-17.683500	-0.842967	0.459047	653
-18.980600	-18.431200	-0.560898	0.711935	654
-18.959600	-18.732800	-0.362919	0.818314	655
-18.554200	-18.918500	-0.307068	0.732149	656
-18.223900	-19.673900	-0.302914	0.509876	657
-18.477500	-20.199000	-0.366525	0.235573	658
-18.785900	-20.773400	-0.365406	0.188808	659
-19.817000	-21.256400	-0.257715	0.315832	660
-19.855700	-21.211700	-0.137610	0.451488	661
-19.322600	-20.957800	-0.146309	0.555953	662
-19.004600	-20.896300	-0.229918	0.536378	663
-18.812600	-20.993400	-0.232137	0.475648	664
-19.023800	-21.104700	-0.188323	0.448303	665
-19.075000	-21.136000	-0.189545	0.378857	666
-18.219100	-21.045500	-0.221620	0.203391	667
-17.973200	-20.535400	-0.288850	-0.037472	668
-17.628700	-20.257400	-0.354197	-0.312988	669
-17.296400	-20.416300	-0.288737	-0.516111	670
-17.001400	-20.115900	-0.231741	-0.515327	671
-16.780500	-19.548800	-0.266296	-0.356641	672
-16.545000	-19.014300	-0.273556	-0.135056	673
-16.102100	-18.297300	-0.255070	0.107087	674
-15.745700	-17.700100	-0.241131	0.370244	675
-15.782000	-17.305100	-0.235116	0.466318	676
-16.155400	-16.587100	-0.126402	0.346429	677
-16.417700	-15.809400	0.110479	0.290087	678
-16.398400	-14.979400	0.355803	0.397960	679
-16.983400	-14.334800	0.610120	0.462604	680
-16.985800	-13.570600	0.928411	0.391187	681
-16.933000	-13.135500	1.200260	0.405576	682
-16.747000	-12.555800	1.190540	0.564456	683
-16.505400	-11.897000	0.932091	0.646644	684
-16.351200	-11.229400	0.724685	0.713070	685
-16.481400	-11.087700	0.659789	0.912832	686
-16.892200	-11.400800	0.570416	1.011020	687
-16.673200	-11.273000	0.577596	0.912547	688
-16.371400	-10.433600	0.825043	0.805646	689
-16.024600	-9.552820	1.061490	0.734794	690
-15.828000	-9.160470	1.133520	0.609387	691
-15.800100	-8.879520	1.142080	0.428132	692
-15.694100	-8.444310	1.140710	0.322451	693
-15.403400	-8.000970	1.053080	0.208478	694
-14.964500	-7.554810	0.893657	0.137995	695
-14.763900	-7.355360	0.803996	0.316743	696
-15.426500	-7.976800	0.764011	0.621469	697
-14.218300	-6.484530	0.661446	0.871987	698
-13.555100	-5.537610	0.470476	1.052550	699
-12.980100	-4.928430	0.279304	1.175370	700
-12.704500	-4.605750	0.202106	1.252090	701
-12.191400	-4.366640	0.179745	1.281880	702
-11.311200	-4.213560	0.155442	1.198580	703
-10.581700	-3.895890	0.244304	1.106710	704
-9.893200	-2.814890	0.314951	0.927550	705
-9.218170	-2.309350	0.277620	0.687042	706
-8.557380	-1.873680	0.216127	0.615004	707
-8.064760	-1.663750	-0.043628	0.592061	708
-7.570420	-1.648530	-0.305486	0.616960	709
-7.124720	-0.999375	-0.335336	0.834970	710
-6.726370	0.315983	-0.420283	0.924565	711
-5.986170	1.396860	-0.572742	0.758400	712
-5.001760	2.098270	-0.625504	0.594990	713
-4.018250	2.830050	-0.685103	0.503187	714
-3.175280	3.447500	-0.816130	0.422087	715
-2.598940	3.986680	-0.960063	0.326054	716
-2.032440	4.664960	-1.130400	0.180496	717
-1.275980	5.344690	-1.302930	-0.054469	718
-0.431166	5.870120	-1.377910	-0.350470	719
0.314900	6.415680	-1.462120	-0.738380	720
1.108100	7.077510	-1.590980	-1.140660	721
1.851280	7.567780	-1.613540	-1.426200	722
2.357990	7.979350	-1.710410	-1.706350	723
2.858720	8.386920	-1.974890	-2.084750	724
3.253930	8.744410	-2.187630	-2.372120	725
3.555190	9.045540	-2.464660	-2.608560	726
3.811620	9.128620	-2.849920	-2.927090	727
3.926790	8.993970	-3.191400	-3.266700	728
4.153840	9.037770	-3.415060	-3.477210	729
4.578430	9.509240	-3.556150	-3.558080	730
4.929710	10.099000	-3.731590	-3.722510	731
5.271590	10.788000	-3.824240	-3.923920	732
5.472060	11.392100	-3.859990	-3.981160	733
5.300820	11.518900	-3.942440	-3.946690	734
5.315430	11.429600	-4.113680	-3.989310	735
5.431040	11.596400	-4.327800	-4.122010	736
5.168010	11.965900	-4.436070	-4.211180	737
5.044230	11.999600	-4.497370	-4.230500	738
5.205670	11.837200	-4.564640	-4.290460	739
5.289030	11.868300	-4.597030	-4.416840	740
5.306630	11.931200	-4.609610	-4.547110	741
5.210630	11.908700	-4.590750	-4.552810	742
4.951280	11.850800	-4.550780	-4.487220	743
4.706380	11.855600	-4.568920	-4.543690	744
4.598010	11.767000	-4.543780	-4.583860	745
4.463320	11.633300	-4.508130	-4.503800	746
4.290080	11.653200	-4.459800	-4.447710	747
4.080820	11.697400	-4.280620	-4.444640	748
3.944370	11.646600	-4.144230	-4.405510	749
3.927730	11.512500	-4.143350	-4.307310	750
3.862030	11.547200	-4.119310	-4.175590	751
3.787710	11.665200	-4.254430	-4.206440	752
3.561380	11.654300	-4.344730	-4.124390	753
3.427760	11.676700	-4.361670	-3.995200	754
3.281490	11.947900	-4.261530	-3.877210	755
3.046710	12.167500	-4.114050	-3.737760	756
3.271120	11.835700	-3.923610	-3.615890	757
3.421510	11.741600	-3.775810	-3.556590	758
3.303420	12.036100	-3.705490	-3.389190	759
3.209530	11.852300	-3.585930	-3.141740	760
3.150920	11.513000	-3.574460	-3.116020	761
3.147780	11.470500	-3.589270	-3.100480	762
3.006980	11.472700	-3.572680	-3.022850	763
2.794730	11.367600	-3.662090	-3.149650	764
2.714250	11.297700	-3.717800	-3.224520	765
2.591330	11.221200	-3.630000	-3.084150	766
2.406720	10.988600	-3.479950	-2.814690	767
2.298450	10.779800	-3.475320	-2.595730	768
2.227010	10.779000	-3.488780	-2.474770	769
2.199840	10.744000	-3.325880	-2.278790	770
2.035560	10.478300	-3.227170	-2.129130	771
1.836040	10.350800	-3.231110	-2.069270	772
1.711740	10.182100	-3.130120	-2.016970	773
1.410130	9.605640	-2.929650	-1.941580	774
0.998821	9.229420	-2.821970	-1.795960	775
0.908032	9.237980	-2.824380	-1.636520	776
1.062180	9.405560	-2.798110	-1.495640	777
1.003190	9.713490	-2.791880	-1.377640	778
1.028230	10.031500	-2.795540	-1.301190	779
1.151630	10.231600	-2.707240	-1.167070	780
1.112230	10.221800	-2.662620	-1.015920	781
1.143510	10.294700	-2.739060	-0.902177	782
1.320340	10.602100	-2.822030	-0.723533	783
1.392330	10.780700	-2.846240	-0.509946	784
1.130940	10.654100	-2.756090	-0.231662	785
1.047570	10.566500	-2.632170	0.038382	786
1.236570	10.592000	-2.637150	0.213259	787
1.261480	10.603100	-2.653480	0.412546	788
1.265850	10.599900	-2.609540	0.647372	789
1.432270	10.562400	-2.587300	0.816790	790
1.636110	10.640500	-2.456860	0.929303	791
1.719080	10.773200	-2.223620	0.958347	792
1.808460	10.812000	-2.064850	0.997248	793
2.123990	10.820300	-1.899850	1.014180	794
2.467680	10.877800	-1.780720	1.038120	795
2.677520	11.177200	-1.759050	1.020990	796
2.974480	11.493200	-1.789780	1.082800	797
3.141930	11.559000	-1.683600	1.200840	798
3.216130	11.790100	-1.470210	1.410400	799
3.266580	12.202100	-1.336680	1.586300	800
3.267620	12.387000	-1.365830	1.791380	801
3.384950	12.525100	-1.483650	2.040400	802
3.523950	12.596700	-1.564100	2.268200	803
3.688360	12.443700	-1.523010	2.509560	804
3.795740	12.468700	-1.463260	2.578280	805
3.983720	12.546700	-1.474150	2.318510	806
4.075870	12.350400	-1.551750	1.871200	807
4.049370	11.794700	-1.629920	1.579680	808
4.120410	11.222400	-1.735840	1.624490	809
4.182460	10.837000	-1.944440	1.797620	810
4.351380	10.327800	-2.112870	1.949560	811
4.187780	9.772490	-2.176040	2.039020	812
3.712890	9.306220	-2.223500	2.004470	813
3.349330	8.803320	-2.240580	1.596910	814
2.888630	8.015840	-2.212560	1.290010	815
2.518800	6.936080	-2.388620	0.689605	816
2.224060	5.787230	-2.773010	0.132910	817
1.593080	4.571290	-2.903530	-0.652032	818
0.791830	3.320380	-2.885310	-0.953628	819
-0.001152	2.188600	-2.824620	-0.912701	820
-0.862298	0.781904	-3.194540	-1.524430	821
-1.828330	-1.044700	-3.261820	-1.943920	822
-2.827720	-3.017400	-3.466420	-2.225820	823
-3.950810	-5.118290	-3.583390	-2.718970	824
-5.326410	-7.086820	-3.626970	-3.402640	825
-6.434370	-9.093350	-3.864960	-4.065330	826
-7.533750	-11.321400	-4.079310	-4.494440	827
-9.444220	-13.362300	-4.323120	-4.860350	828
-11.732400	-15.320500	-4.769160	-5.227410	829
-13.999100	-17.377300	-5.278150	-5.518150	830
-16.425600	-19.447100	-5.798570	-5.906640	831
-18.890700	-21.553000	-6.261980	-6.268360	832
-21.223700	-23.686500	-6.562010	-6.535990	833
-23.568700	-25.816900	-6.724310	-6.801040	834
-26.159300	-27.894000	-6.809340	-6.997800	835
-28.768500	-29.737600	-6.958830	-7.177530	836
-30.831700	-31.473800	-7.214840	-7.449310	837
-32.674600	-33.493600	-7.439260	-7.784000	838
-34.563200	-35.473500	-7.359990	-7.901090	839
-36.245900	-36.787100	-7.167000	-7.747700	840
-38.044700	-37.637900	-7.335180	-7.714080	841
-39.530500	-38.487900	-7.807290	-7.841410	842
-40.432700	-39.172300	-8.516320	-7.879990	843
-41.114900	-39.748500	-8.881490	-7.991050	844
-41.635700	-40.459700	-8.607550	-8.043600	845
-42.173900	-41.026400	-8.365620	-8.034680	846
-42.217000	-41.181800	-8.218030	-7.989490	847
-41.824100	-41.284600	-8.166160	-8.053600	848
-41.643600	-41.516400	-8.222420	-8.328270	849
-41.364700	-41.339600	-8.031430	-8.451710	850
-40.790200	-40.529700	-7.793230	-8.502240	851
-40.193600	-39.436500	-7.917370	-8.767420	852
-39.595300	-38.251300	-8.081000	-8.992210	853
-38.848900	-36.818800	-8.044480	-9.066050	854
-38.231400	-35.260500	-8.036620	-9.096830	855
-37.595900	-33.750300	-8.058340	-9.110750	856
-36.556300	-32.087800	-8.000810	-9.167650	857
-34.886100	-30.146700	-7.994570	-9.327270	858
-32.911200	-28.186900	-8.091690	-9.466630	859
-30.914900	-26.863700	-8.204660	-9.400780	860
-28.684400	-26.059800	-8.272190	-9.294790	861
-26.684500	-25.169900	-8.261820	-9.212570	862
-25.311100	-24.386600	-8.231750	-9.076940	863
-24.489800	-24.077500	-8.239010	-8.931400	864
-24.318000	-24.134200	-8.335050	-8.871670	865
-24.831500	-24.258400	-8.423290	-8.861760	866
-25.886900	-24.475600	-8.405150	-8.805870	867
-27.579500	-24.726700	-8.361870	-8.744580	868
-29.536900	-24.926200	-8.185120	-8.586660	869
-31.054500	-25.208400	-8.030730	-8.508580	870
-32.057900	-25.850600	-7.909980	-8.444380	871
-33.941500	-26.853100	-7.635900	-8.157300	872
-35.569300	-27.961500	-7.412900	-7.882010	873
-36.782400	-29.297200	-7.347560	-7.679170	874
-38.001200	-30.581400	-7.296800	-7.467440	875
-38.848300	-31.628200	-7.213150	-7.322510	876
-39.545900	-32.800400	-7.149540	-7.234270	877
-40.401400	-34.121700	-7.072070	-7.160610	878
-41.349900	-35.249200	-6.854940	-7.062510	879
-41.944700	-36.019300	-6.481130	-6.961820	880
-42.203500	-36.593300	-6.093670	-6.874840	881
-42.527900	-37.017900	-5.677100	-6.723660	882
-42.837300	-37.363800	-5.263660	-6.538460	883
-42.554800	-37.592200	-4.976080	-6.341060	884
-42.070200	-37.517500	-4.691660	-6.139340	885
-41.470200	-37.140000	-4.387900	-5.897710	886
-40.864500	-36.416000	-4.217820	-5.595440	887
-40.295300	-35.554900	-4.122950	-5.305850	888
-39.623900	-35.011300	-4.086780	-5.122960	889
-38.566200	-34.512700	-4.040290	-4.952340	890
-37.219300	-33.624300	-3.857810	-4.692760	891
-35.715400	-32.544900	-3.694270	-4.517490	892
-33.827100	-31.340000	-3.605610	-4.465380	893
-32.190000	-30.129700	-3.463820	-4.363180	894
-30.519500	-29.164100	-3.296820	-4.241220	895
-28.097800	-28.630200	-3.250210	-4.233540	896
-25.355500	-28.280200	-3.313660	-4.254350	897
-22.988300	-27.732600	-3.411500	-4.236480	898
-21.362700	-27.544600	-3.626030	-4.259710	899
-19.944300	-27.938300	-3.889500	-4.263180	900
-18.968400	-28.491100	-4.068820	-4.204830	901
-18.689500	-28.965600	-4.085080	-4.118130	902
-18.597000	-29.509400	-4.017630	-4.079630	903
-18.642500	-30.132500	-4.117010	-4.224120	904
-19.138500	-30.673500	-4.274600	-4.457460	905
-20.057000	-31.307700	-4.274440	-4.596440	906
-21.247500	-32.116400	-4.248930	-4.638920	907
-22.583300	-33.359700	-4.223180	-4.651440	908
-24.039900	-34.709500	-4.096750	-4.672410	909
-25.033800	-35.540500	-4.096330	-4.788990	910
-25.587100	-35.902500	-4.161900	-4.869680	911
-26.756000	-36.325600	-4.086560	-4.806870	912
-28.289500	-36.940400	-3.978900	-4.731220	913
-29.320000	-37.209300	-3.798630	-4.600060	914
-30.214000	-37.207900	-3.641320	-4.513080	915
-31.346600	-37.338800	-3.586110	-4.521420	916
-32.387300	-37.621200	-3.488880	-4.434850	917
-33.022800	-37.717600	-3.433960	-4.368550	918
-33.656900	-37.499100	-3.448550	-4.381890	919
-34.181900	-37.243200	-3.381750	-4.290750	920
-34.133100	-37.009200	-3.093200	-4.027750	921
-33.666900	-36.524800	-2.826780	-3.774060	922
-32.970600	-35.797800	-2.886670	-3.737650	923
-32.147600	-35.065300	-3.008730	-3.735660	924
-31.424500	-34.252800	-2.996470	-3.571310	925
-30.757000	-33.353600	-3.024480	-3.411960	926
-29.936100	-32.372700	-3.119780	-3.334510	927
-29.132100	-31.228700	-3.182410	-3.284050	928
-28.339000	-29.911800	-3.198350	-3.270730	929
-27.147900	-28.335700	-3.251990	-3.282380	930
-25.515900	-26.762300	-3.375150	-3.329980	931
-23.927000	-25.408800	-3.490710	-3.310250	932
-22.775500	-24.194400	-3.614720	-3.161020	933
-21.844300	-23.355100	-3.828750	-3.108690	934
-20.978900	-23.244000	-4.081000	-3.183260	935
-20.358900	-23.551600	-4.250770	-3.289490	936
-20.098300	-23.756600	-4.434430	-3.507000	937
-19.998100	-24.075300	-4.626680	-3.745630	938
-20.204800	-24.584000	-4.733190	-3.930630	939
-21.064300	-24.750800	-4.867990	-4.222630	940
-22.041000	-24.663000	-4.992440	-4.550300	941
-24.051800	-26.625700	-4.971970	-4.710070	942
-25.519300	-28.200300	-4.843110	-4.769980	943
-26.993500	-29.359300	-4.759100	-4.840130	944
-28.772600	-30.016100	-4.816140	-4.890170	945
-30.412600	-30.748400	-4.930250	-4.858710	946
-31.689700	-31.971200	-5.023310	-4.784770	947
-33.045100	-33.236300	-5.047570	-4.706100	948
-34.459300	-34.180000	-4.942170	-4.531750	949
-35.978500	-34.985400	-4.777310	-4.442260	950
-37.319900	-35.838600	-4.816220	-4.686060	951
-37.961900	-36.316200	-4.992230	-5.024440	952
-38.287800	-36.337600	-5.019150	-5.266780	953
-38.809600	-36.405200	-5.008300	-5.508270	954
-39.059600	-36.618300	-5.060590	-5.705720	955
-38.984000	-36.780900	-4.967590	-5.693210	956
-39.030600	-36.795200	-4.706370	-5.577070	957
-38.859100	-36.880000	-4.626770	-5.557880	958
-38.284300	-37.128600	-4.766690	-5.569830	959
-37.615500	-36.970600	-4.795990	-5.490090	960
-36.999000	-36.598000	-4.419120	-5.263220	961
-36.188200	-36.542700	-5.507560	-5.804830	962
-35.061600	-36.304800	-6.206990	-6.187290	963
-33.868900	-35.650800	-6.695020	-6.515070	964
-32.536500	-34.945000	-7.201680	-6.895470	965
-30.888300	-34.378000	-7.799390	-7.237910	966
-29.035600	-33.766100	-8.588070	-7.567540	967
-27.176200	-33.235600	-9.337700	-7.792590	968
-25.207400	-32.911800	-9.988470	-7.903490	969
-22.814300	-32.465200	-10.734600	-8.093910	970
-20.301800	-32.060500	-11.748100	-8.432910	971
-18.080500	-31.966600	-13.111600	-8.894330	972
-15.841500	-32.120700	-14.591000	-9.354500	973
-13.445500	-32.464500	-15.901500	-9.745540	974
-11.114600	-32.535600	-17.075200	-10.165200	975
-8.710780	-32.077100	-18.265800	-10.593900	976
-6.271530	-31.709200	-19.469300	-10.935300	977
-4.041370	-31.421500	-20.707700	-11.283800	978
-2.143670	-30.641400	-22.011600	-11.747700	979
-0.624433	-29.650200	-23.318100	-12.348600	980
0.660547	-28.811700	-24.562500	-13.093500	981
2.179260	-27.790000	-25.634200	-13.808200	982
3.711110	-26.455000	-26.580500	-14.544800	983
4.738400	-24.879200	-27.670200	-15.627600	984
5.545420	-22.890200	-28.743400	-16.889000	985
5.802050	-20.795800	-29.543900	-18.131000	986
5.320510	-18.732500	-30.164400	-19.428600	987
4.710270	-15.883300	-30.677300	-20.833500	988
3.283290	-12.871400	-31.116500	-22.475400	989
1.927670	-9.679210	-31.273900	-24.114600	990
0.602765	-6.508800	-31.165600	-25.700800	991
-0.736653	-3.620420	-30.959500	-27.257700	992
-1.477980	-0.224542	-30.698700	-28.649200	993
-3.227010	2.446070	-30.633500	-30.192500	994
-5.251000	5.174250	-30.881100	-32.095100	995
-7.474360	7.722470	-31.270100	-34.196500	996
-9.898310	10.074000	-31.650600	-36.314900	997
-11.797000	12.602100	-32.161200	-38.439900	998
-13.436300	15.488300	-32.860700	-40.512100	999
-15.186800	18.533300	-33.786300	-42.530900	1000
-17.018900	21.358800	-34.834400	-44.497700	1001
-18.972000	23.756900	-35.619400	-46.121800	1002
-20.848500	26.083300	-36.504300	-47.674100	1003
-22.348600	28.615200	-37.699300	-49.394400	1004
-23.888600	31.312700	-38.992400	-51.233900	1005
-25.858500	33.740600	-40.283300	-53.053200	1006
-27.503100	35.432200	-41.403200	-54.523100	1007
-28.423200	36.490000	-42.538700	-55.771500	1008
-29.058200	37.147000	-43.737000	-56.889000	1009
-29.462600	37.328400	-44.684300	-57.653900	1010
-29.704900	37.039400	-45.242700	-57.942700	1011
-29.751700	36.357600	-45.838500	-58.187600	1012
-29.404800	35.195600	-46.672600	-58.499700	1013
-28.682100	33.461700	-47.373800	-58.517100	1014
-27.223700	31.379300	-47.903300	-58.391300	1015
-24.875100	29.177400	-48.546800	-58.332000	1016
-22.193900	26.458300	-49.555400	-58.491500	1017
-19.585900	23.354300	-50.669300	-58.735300	1018
-17.025200	20.535000	-51.390900	-58.609300	1019
-14.312500	17.853600	-51.751200	-58.152800	1020
-11.187400	14.982000	-52.345800	-57.871500	1021
-7.758400	12.043200	-53.400900	-57.839800	1022
-4.352910	8.886090	-54.506900	-57.843500	1023
-0.644104	5.624210	-55.460200	-57.773800	1024
3.025620	2.539370	-56.338900	-57.613000	1025
6.204470	-0.683643	-57.225300	-57.456900	1026
9.659150	-3.701600	-58.243100	-57.447000	1027
13.250700	-6.233220	-59.519000	-57.582300	1028
16.594200	-9.209580	-60.694900	-57.607500	1029
19.794100	-12.220900	-61.706100	-57.687400	1030
22.877900	-14.859300	-62.578500	-57.687000	1031
25.789100	-17.208100	-63.441600	-57.767600	1032
28.233100	-19.323500	-64.427400	-57.955000	1033
30.345600	-21.673400	-65.579400	-58.336300	1034
32.543500	-23.869800	-66.806000	-58.934300	1035
34.248500	-25.593200	-67.882700	-59.597800	1036
35.518500	-26.763100	-68.784500	-60.265600	1037
37.150700	-26.476000	-69.611100	-60.941500	1038
38.201200	-26.831100	-70.332900	-61.634000	1039
39.037600	-26.838100	-71.122300	-62.676400	1040
39.264400	-26.669700	-71.814900	-63.923300	1041
39.021300	-26.003700	-72.329600	-65.135200	1042
38.248900	-25.010900	-73.217800	-66.954000	1043
37.297000	-23.903900	-74.112500	-68.889200	1044
36.623300	-21.643300	-74.179900	-69.809100	1045
35.218300	-19.377800	-73.722300	-69.881700	1046
33.649900	-17.490600	-73.605000	-70.387700	1047
31.985000	-15.456300	-74.003500	-71.545700	1048
29.897300	-12.864600	-74.514900	-72.833900	1049
28.050500	-10.601300	-74.811600	-73.748400	1050
26.521700	-8.468610	-74.867300	-74.462500	1051
24.654700	-5.795730	-75.247200	-75.698100	1052
22.593800	-3.016710	-75.427200	-76.930300	1053
20.543300	-0.232111	-75.651600	-77.978600	1054
18.704700	2.519640	-75.719200	-78.734600	1055
16.831200	5.142420	-75.895400	-79.513300	1056
14.574900	7.736350	-75.852900	-80.144400	1057
12.271400	10.170900	-76.126900	-80.820800	1058
9.922120	12.642700	-76.035600	-81.251500	1059
7.962530	15.608400	-76.659400	-82.516700	1060
6.799130	18.986300	-77.463600	-83.631900	1061
4.908410	21.261400	-77.574700	-83.940500	1062
3.040750	23.326200	-77.501200	-84.138100	1063
1.685120	24.057300	-77.857900	-84.695200	1064
-0.292816	24.943000	-78.555200	-85.349600	1065
-2.101480	26.298200	-79.065500	-85.642900	1066
-3.771290	27.586000	-79.813900	-86.180300	1067
-5.185950	28.401000	-80.231300	-86.396700	1068
-6.383100	28.627100	-80.463800	-86.165800	1069
-7.418730	28.517200	-80.523400	-85.579700	1070
-7.731590	28.115300	-80.731800	-85.200500	1071
-7.579940	27.530700	-81.042100	-84.999100	1072
-7.731830	26.589600	-81.105900	-84.515200	1073
-7.336140	25.068200	-81.033500	-83.833300	1074
-7.137730	23.538900	-80.939700	-83.172600	1075
-6.855650	22.200300	-80.507400	-82.316600	1076
-5.826110	20.172200	-79.865300	-81.059500	1077
-4.530680	17.365600	-79.358200	-79.879800	1078
-3.220120	14.253800	-79.080400	-79.239800	1079
-1.822910	11.262900	-78.872100	-78.747900	1080
0.712816	7.699050	-78.480100	-77.439600	1081
2.201430	4.409260	-77.340900	-75.803800	1082
4.077970	0.957831	-76.332700	-74.116900	1083
5.692220	-2.012510	-75.561900	-72.732100	1084
6.987740	-4.989540	-74.819500	-71.511700	1085
8.248050	-8.197790	-73.655100	-69.949600	1086
9.526690	-10.952700	-71.548200	-67.744200	1087
10.570200	-13.919500	-69.058300	-65.314400	1088
11.416900	-16.849700	-68.957200	-64.951300	1089
12.286800	-18.971500	-70.594500	-66.060600	1090
12.886100	-21.402900	-71.168000	-66.022500	1091
13.185600	-23.632400	-69.651200	-63.971600	1092
13.077800	-24.791700	-67.674400	-61.531200	1093
12.541200	-25.760200	-65.870400	-59.592400	1094
11.889400	-26.715100	-64.561300	-58.473000	1095
10.956200	-27.242900	-63.274500	-57.525100	1096
9.810480	-27.414500	-61.877000	-56.532500	1097
8.902680	-27.284500	-60.389300	-55.562400	1098
7.754830	-26.867200	-58.695900	-54.559900	1099
6.031690	-25.968700	-56.947300	-53.521900	1100
3.997810	-24.760400	-55.289400	-52.465700	1101
1.952450	-23.965100	-53.639300	-51.459300	1102
0.014202	-23.240000	-51.974300	-50.612500	1103
-1.755180	-21.887600	-50.229900	-49.704900	1104
-3.558880	-20.245000	-48.429800	-48.791100	1105
-5.813600	-18.525300	-46.843500	-48.150900	1106
-8.229300	-16.580200	-45.505400	-47.604700	1107
-10.401700	-14.671800	-44.144200	-47.032500	1108
-12.400500	-12.696200	-42.699200	-46.509200	1109
-14.470400	-10.199700	-41.165500	-45.792400	1110
-16.529800	-7.578730	-39.696800	-44.929500	1111
-18.544400	-5.269960	-38.330900	-44.202100	1112
-20.736900	-2.988450	-36.901700	-43.489700	1113
-23.174500	-1.052160	-35.584300	-42.920200	1114
-25.513700	0.414465	-34.311600	-42.436200	1115
-27.294900	2.072380	-32.917600	-41.610600	1116
-28.960200	3.688030	-31.596700	-40.661600	1117
-30.745200	4.714170	-30.531600	-40.003100	1118
-32.684900	5.279950	-29.676500	-39.482800	1119
-34.623100	5.420990	-28.736300	-38.648100	1120
-35.870600	5.158590	-27.831000	-37.721500	1121
-36.447900	4.586920	-26.902300	-36.704500	1122
-36.820200	3.485480	-25.852400	-35.443600	1123
-36.931900	1.924210	-24.660300	-33.933000	1124
-36.663100	0.156080	-23.409800	-32.349500	1125
-36.271800	-1.771740	-21.994700	-30.500500	1126
-35.617100	-3.586220	-20.707700	-28.604500	1127
-34.541600	-5.513570	-19.666400	-26.815300	1128
-33.246500	-8.030810	-18.679800	-25.081900	1129
-31.938900	-10.707800	-17.695400	-23.408500	1130
-30.284300	-13.313200	-16.819000	-21.812400	1131
-28.762300	-15.894400	-16.032400	-20.203700	1132
-27.653700	-18.458300	-15.322300	-18.631100	1133
-26.416800	-21.353300	-14.676300	-17.113600	1134
-24.749500	-24.329400	-14.206700	-15.693300	1135
-22.860600	-26.843700	-13.822900	-14.330500	1136
-21.176300	-28.965200	-13.349000	-12.899900	1137
-19.920100	-30.962600	-12.870700	-11.454700	1138
-18.775200	-33.097600	-12.347300	-10.121500	1139
-17.499000	-35.177400	-12.034200	-9.323850	1140
-15.979700	-36.612800	-11.897400	-8.327560	1141
-14.567800	-37.564400	-11.746200	-7.459600	1142
-13.548600	-38.370000	-11.588300	-6.685340	1143
-12.546000	-38.858300	-11.083500	-5.599220	1144
-11.574200	-39.188000	-10.712000	-4.727350	1145
-10.638500	-39.527500	-10.422900	-4.004910	1146
-9.616580	-39.467800	-10.297400	-3.806770	1147
-8.820430	-39.245100	-10.415500	-4.184050	1148
-8.510600	-39.389800	-9.946160	-3.759700	1149
-8.255670	-39.306200	-8.699330	-2.558090	1150
-7.957730	-38.746100	-7.622620	-1.937540	1151
-7.920270	-38.161400	-6.832260	-2.006760	1152
-7.736950	-37.494600	-5.846500	-1.778150	1153
-7.282070	-36.487100	-4.990590	-1.602070	1154
-6.699190	-34.742900	-4.225250	-1.343900	1155
-6.001670	-32.590900	-3.516600	-0.803376	1156
-5.831610	-31.053800	-3.087310	-0.516690	1157
-6.415330	-30.141000	-2.947210	-0.584045	1158
-7.056570	-29.117900	-2.704950	-0.393835	1159
-7.377920	-27.626900	-2.231260	0.020079	1160
-7.744910	-26.092900	-1.573220	0.061185	1161
-8.302640	-25.050200	-0.814933	-0.356464	1162
-9.039080	-24.269400	-0.316925	-0.785548	1163
-9.496260	-22.736100	-0.106409	-0.835427	1164
-8.787370	-19.818200	0.106873	-0.616466	1165
-10.686300	-19.699800	0.144079	-0.163569	1166
-12.810500	-20.001900	-0.002230	1.311490	1167
-15.310400	-21.012500	0.082989	1.457330	1168
-16.823500	-21.496100	0.395396	0.009054	1169
-17.520300	-21.155800	0.733838	-0.715736	1170
-18.429000	-20.646000	1.083410	-1.074450	1171
-19.284200	-20.650300	1.104660	-1.176290	1172
-20.150400	-20.615600	0.720300	-0.991948	1173
-21.345700	-21.328100	0.313423	-0.583093	1174
-21.970600	-22.275400	-0.145424	-0.150032	1175
-21.917600	-22.840200	-0.516058	0.363933	1176
-21.759600	-23.091800	-0.629565	0.765695	1177
-21.215400	-22.878900	-0.658542	1.001710	1178
-20.352700	-22.336800	-0.648809	1.237590	1179
-19.672900	-21.858300	-0.492070	1.415650	1180
-19.156700	-21.587500	-0.332965	1.467250	1181
-16.958300	-19.674300	-0.316780	1.369950	1182
-16.547800	-19.436400	-0.253414	1.266750	1183
-16.321700	-19.094100	-0.048501	1.226070	1184
-16.825100	-19.598200	0.157454	1.309080	1185
-16.369100	-19.297100	0.234788	1.589490	1186
-16.250300	-18.991200	0.132461	1.846420	1187
-16.180600	-18.647800	0.046364	1.979790	1188
-15.901100	-18.333600	0.266466	2.383430	1189
-15.537000	-17.858900	0.595046	2.780620	1190
-15.185400	-17.233100	0.630218	2.536180	1191
-14.912900	-16.655300	0.527553	2.307110	1192
-14.728100	-16.186600	0.518498	2.529020	1193
-14.573500	-15.959200	0.544450	2.705040	1194
-14.901200	-16.310900	0.565751	2.783260	1195
-16.314600	-17.565600	0.565510	2.799630	1196
-16.321900	-17.560100	0.550954	2.562050	1197
-16.448500	-17.962500	0.485235	2.288870	1198
-17.177300	-18.756000	0.431874	2.291640	1199
-16.922800	-18.304000	0.445294	2.498050	1200
-17.702300	-18.759500	0.345676	2.649280	1201
-17.890600	-18.634100	0.219792	2.832870	1202
-18.137600	-18.872700	0.204659	2.980090	1203
-18.490800	-19.392000	0.191747	2.924980	1204
-18.922800	-19.646000	0.149852	2.904940	1205
-19.690100	-20.081300	0.143386	3.264360	1206
-20.416900	-20.783700	0.265337	4.031750	1207
-20.846500	-21.498700	0.345629	5.164770	1208
-20.965700	-21.814800	0.263837	5.221940	1209
-21.027600	-22.233700	0.165458	5.201830	1210
-20.647400	-22.518800	0.096103	5.052220	1211
-19.940800	-22.614700	0.126339	3.388120	1212
-19.583700	-22.670900	0.269151	2.589860	1213
-19.471500	-22.689200	0.472650	2.088000	1214
-19.312900	-22.321000	0.676060	2.002970	1215
-19.460100	-22.491700	0.727698	2.094410	1216
-18.972900	-22.056900	0.620612	2.171120	1217
-18.600800	-21.797500	0.574109	2.186730	1218
-18.592600	-21.838400	0.605059	2.120260	1219
-18.531800	-21.141700	0.483749	2.097230	1220
-17.618600	-20.106900	0.288647	2.173910	1221
-17.765100	-19.319800	0.197379	2.248040	1222
-18.405700	-19.027000	0.111174	2.300090	1223
-18.291300	-18.876100	0.007831	2.349080	1224
-17.903100	-18.340400	0.004542	2.291030	1225
-17.362600	-14.861000	0.115860	2.149960	1226
-17.239000	-16.446400	0.287891	2.060770	1227
-17.182300	-16.691800	0.441463	2.140630	1228
-16.877200	-16.233800	0.534242	2.308510	1229
-16.670000	-15.791500	0.586414	2.346440	1230
-16.591500	-15.341700	0.615003	2.315150	1231
-16.500800	-14.979800	0.639302	2.365750	1232
-16.595100	-14.706800	0.602938	2.453080	1233
-16.547900	-14.377500	0.467550	2.461470	1234
-16.470500	-14.098800	0.335384	2.461690	1235
-16.658900	-14.087100	0.268874	2.611060	1236
-17.016600	-14.154000	0.204719	2.791010	1237
-17.233300	-14.158700	0.204971	2.782540	1238
-17.424600	-14.227800	0.316565	2.594810	1239
-17.592700	-14.316900	0.388631	2.429390	1240
-17.713300	-14.428900	0.374215	2.373810	1241
-17.851600	-14.663400	0.340983	2.338200	1242
-18.245200	-14.993000	0.385510	2.418710	1243
-18.522100	-15.437600	0.402059	2.640160	1244
-19.022300	-15.847100	0.304736	2.851470	1245
-19.129000	-16.040500	0.277886	2.966170	1246
-19.185900	-16.372600	0.266300	3.029530	1247
-19.120200	-17.243000	0.230350	3.014390	1248
-19.404100	-18.193700	0.320855	2.756240	1249
-19.674800	-18.378600	0.570079	2.378780	1250
-19.451600	-18.841800	0.822606	2.087070	1251
-19.219600	-19.046700	1.004060	1.865700	1252
-19.391100	-19.114600	1.193660	1.710900	1253
-19.584000	-20.197900	1.305720	1.722760	1254
-19.828300	-20.680200	1.258620	1.797640	1255
-19.937700	-20.889200	1.156030	1.700530	1256
-19.441000	-20.825800	1.260390	1.479080	1257
-19.282700	-20.742300	1.491870	1.275730	1258
-19.366000	-20.417600	1.451850	1.103550	1259
-18.959100	-20.210700	1.305980	0.945072	1260
-18.708500	-19.849500	1.354540	0.785080	1261
-18.827500	-19.683000	1.431840	0.720351	1262
-18.407500	-19.172300	1.472890	0.676844	1263
-17.785700	-18.545900	1.616020	0.432386	1264
-17.596500	-18.179500	1.722130	0.202719	1265
-17.396700	-17.758800	1.732260	0.216728	1266
-17.105100	-17.295100	1.762510	0.274115	1267
-17.015700	-16.947000	1.715570	0.315328	1268
-17.186500	-16.798400	1.582070	0.422138	1269
-17.126300	-16.592400	1.506480	0.532645	1270
-16.594100	-15.983600	1.494750	0.595356	1271
-15.744500	-14.797500	1.468160	0.658132	1272
-16.025000	-14.803800	1.496270	0.730168	1273
-16.087900	-14.794300	1.540160	0.709552	1274
-16.081100	-14.973900	1.574430	0.662753	1275
-16.010500	-15.168700	1.727150	0.706078	1276
-16.078800	-15.077200	1.953190	0.646441	1277
-16.128100	-14.977400	2.097110	0.442035	1278
-16.090100	-14.971000	2.113690	0.269543	1279
-16.184500	-14.971200	2.084550	0.130310	1280
-16.322300	-14.920400	2.066150	0.010335	1281
-16.545200	-14.926200	2.003940	0.000172	1282
-16.913900	-15.075700	1.846250	0.109597	1283
-17.235700	-15.340800	1.914420	0.078366	1284
