-12.827200	6.102350	0.266131	-1.757890	0
-12.699400	6.130330	-0.617223	-1.206150	1
-12.512800	6.240440	-0.987481	-0.774231	2
-12.278500	6.341630	-1.204020	-0.422190	3
-11.925700	6.428350	-1.333580	-0.310183	4
-11.424500	6.423680	-1.310670	-0.439509	5
-10.840800	6.246120	-1.135790	-0.791334	6
-10.364300	6.016190	-1.017240	-1.231060	7
-9.910540	5.804890	-0.943500	-1.682590	8
-9.344930	5.637100	-0.595851	-2.094480	9
-8.725000	5.522050	-0.277160	-2.304570	10
-8.002060	5.455980	-0.484507	-2.419910	11
-7.275580	5.305020	-0.909319	-2.455380	12
-6.565320	5.244240	-1.345040	-2.256460	13
-5.785700	5.332240	-1.882930	-1.979950	14
-5.003480	5.037150	-2.337220	-1.809860	15
-4.368120	4.702420	-2.779310	-1.944780	16
-3.804630	4.826670	-3.368850	-2.410990	17
-2.975670	4.625260	-3.880650	-2.840880	18
-2.031930	4.183470	-4.174530	-3.147850	19
-1.212290	4.050630	-4.295750	-3.433430	20
-0.480678	3.959230	-4.288940	-3.702710	21
-0.000399	3.927700	-4.334240	-4.076730	22
0.392292	3.921680	-4.435840	-4.453900	23
0.779821	3.875070	-4.451500	-4.669840	24
0.962705	3.962530	-4.575170	-4.943180	25
0.959363	4.230670	-4.814470	-5.237540	26
0.967182	4.473520	-4.979390	-5.380960	27
1.293770	4.422360	-5.049310	-5.481570	28
1.792890	4.154640	-5.056450	-5.603980	29
2.140130	4.161770	-5.130010	-5.735800	30
2.353830	4.413750	-5.296020	-5.893410	31
2.583310	4.472400	-5.426900	-6.033970	32
2.846730	4.201220	-5.480730	-6.028860	33
2.801090	4.072460	-5.491470	-5.872830	34
2.571590	4.206030	-5.501240	-5.766430	35
2.328150	4.099660	-5.572870	-5.810040	36
1.986340	3.871940	-5.637260	-5.820030	37
1.879020	3.631550	-5.686170	-5.763620	38
1.808920	3.485060	-5.786390	-5.741820	39
1.398140	3.657770	-5.872120	-5.609400	40
0.993490	3.908820	-5.935150	-5.333500	41
1.139500	3.906490	-6.013970	-5.179310	42
1.696690	3.803120	-6.025770	-5.110470	43
1.981210	3.798490	-5.942320	-4.900950	44
1.689300	3.812200	-5.910970	-4.627730	45
1.342720	3.863490	-5.909740	-4.431530	46
1.274740	3.880640	-5.775930	-4.234570	47
1.324190	3.762010	-5.662340	-4.065530	48
1.388980	3.696090	-5.760870	-4.051190	49
1.173220	3.806600	-5.934340	-4.021230	50
0.735595	3.886350	-6.004150	-3.930500	51
0.535794	3.872730	-6.020500	-3.948550	52
0.620922	3.995140	-6.073330	-4.065090	53
0.819615	4.236060	-6.094590	-4.192330	54
1.037980	4.413340	-6.144570	-4.269960	55
1.090960	4.474670	-6.274430	-4.198660	56
1.012200	4.537350	-6.442470	-4.032130	57
1.140930	4.703060	-6.566920	-3.904610	58
1.422610	4.674670	-6.583770	-3.799960	59
1.568100	4.433790	-6.580050	-3.725370	60
1.561160	4.405850	-6.630310	-3.724510	61
1.579270	4.574560	-6.709290	-3.717030	62
1.340520	4.723380	-6.687450	-3.595850	63
0.831477	4.708880	-6.616160	-3.485920	64
0.602776	4.572710	-6.605060	-3.425240	65
0.657273	4.514210	-6.574630	-3.311400	66
0.711569	4.562820	-6.414580	-3.190660	67
0.459075	4.613700	-6.236500	-3.103240	68
0.173241	4.736680	-6.261930	-3.111570	69
0.178659	4.964750	-6.271500	-3.168070	70
0.251482	5.120370	-6.155620	-3.171290	71
0.327198	5.205620	-6.103390	-3.133550	72
0.375970	5.182680	-6.074690	-3.062300	73
0.427070	5.182200	-6.029250	-2.970520	74
0.459091	5.442420	-5.985750	-2.907180	75
0.609674	5.655350	-5.976760	-2.973440	76
1.029300	5.580410	-5.974830	-3.231540	77
1.300220	5.516910	-5.914090	-3.499310	78
1.295260	5.658470	-5.803650	-3.584990	79
1.359340	5.875260	-5.771170	-3.568850	80
1.521660	5.899520	-5.771020	-3.456510	81
1.571980	5.878790	-5.747930	-3.258790	82
1.582530	5.986820	-5.797950	-3.223210	83
1.494790	6.015660	-5.723260	-3.296780	84
1.255020	6.110790	-5.580890	-3.339080	85
1.157420	6.224160	-5.577920	-3.467080	86
1.229010	6.218600	-5.644030	-3.641200	87
1.508670	6.297950	-5.693990	-3.664020	88
1.645540	6.459420	-5.685350	-3.569380	89
1.549010	6.585980	-5.702380	-3.566980	90
1.597090	6.661150	-5.768280	-3.556700	91
1.724790	6.806750	-5.904720	-3.512940	92
1.856850	6.958430	-6.120930	-3.559300	93
2.039600	7.112510	-6.328660	-3.636970	94
2.147560	7.423070	-6.495650	-3.693430	95
1.951890	7.607830	-6.526060	-3.723780	96
1.724640	7.726480	-6.511940	-3.838110	97
1.806960	7.897260	-6.701260	-4.072390	98
2.027940	8.077260	-7.040590	-4.321910	99
2.211860	8.312320	-7.340740	-4.570830	100
2.441320	8.485120	-7.536550	-4.852270	101
2.452440	8.699510	-7.798610	-5.294510	102
2.410850	8.902050	-8.264090	-5.984290	103
2.794470	9.056400	-8.775510	-6.725230	104
3.059380	9.330240	-9.107870	-7.217330	105
3.167780	9.705100	-9.326970	-7.524410	106
1.924690	9.841640	-9.737610	-8.002610	107
1.713970	10.046300	-10.367800	-8.703020	108
2.500580	10.180800	-11.017300	-9.431350	109
3.434350	10.559700	-11.567800	-10.072600	110
3.737970	11.062100	-12.147400	-10.712600	111
3.927120	11.396400	-12.841300	-11.402800	112
4.220910	11.742100	-13.517900	-12.051800	113
4.526930	12.049500	-14.096900	-12.592600	114
4.853610	12.178000	-14.458300	-12.950700	115
5.184640	12.447200	-14.834000	-13.331600	116
5.714760	13.092300	-15.436900	-13.856200	117
6.273190	13.719100	-15.924900	-14.257300	118
6.690760	14.048400	-16.235000	-14.504500	119
6.847220	14.295400	-16.607200	-14.775200	120
7.048740	14.282000	-17.029200	-15.077100	121
7.111780	13.758200	-17.489200	-15.473200	122
6.665150	13.419700	-17.980700	-16.025100	123
6.287990	13.663100	-18.434700	-16.596500	124
6.214410	13.820500	-18.947600	-17.235300	125
6.617290	13.666400	-19.252400	-17.417400	126
7.161450	13.695800	-19.729900	-17.819300	127
7.145800	13.949400	-20.279000	-18.357300	128
6.914900	14.148000	-20.572100	-18.681700	129
7.033490	14.102100	-20.740400	-18.771300	130
7.288640	13.811500	-20.996100	-18.912700	131
7.461300	13.587000	-21.184600	-19.086100	132
7.690080	13.451600	-21.235500	-19.226300	133
7.828130	13.246700	-21.114100	-19.262500	134
8.010030	12.967700	-21.132400	-19.335100	135
8.195230	12.662400	-21.443000	-19.592800	136
8.023740	12.410300	-21.632600	-19.784900	137
7.678310	12.128400	-21.696600	-19.885200	138
7.577460	11.803000	-21.871200	-20.021500	139
7.779700	11.610100	-22.101200	-20.127400	140
8.257770	11.640000	-22.359200	-20.286200	141
8.588890	12.059700	-21.717400	-20.018500	142
8.375380	12.425200	-21.617400	-20.103000	143
8.214640	12.417900	-21.795200	-20.374000	144
8.156320	12.523000	-22.009100	-20.623500	145
8.047130	12.423700	-22.147000	-20.712900	146
8.090980	11.842000	-22.136200	-20.583200	147
8.054260	11.538700	-21.996200	-20.348100	148
8.038560	11.884500	-21.941300	-20.257100	149
8.253980	12.144900	-22.166100	-20.454600	150
8.233140	11.774200	-22.312800	-20.580200	151
7.711760	11.443500	-22.141800	-20.392500	152
7.697850	11.681800	-21.936800	-20.200400	153
8.381500	12.009800	-21.952200	-20.182100	154
8.734480	12.152500	-22.000700	-20.237500	155
8.525850	12.329000	-22.040200	-20.279900	156
8.237170	12.347200	-21.965900	-20.236900	157
8.435790	12.333100	-21.733900	-20.062200	158
8.696580	12.468500	-21.639800	-19.990900	159
8.751090	12.453200	-21.686000	-20.028000	160
9.066390	12.391500	-21.699100	-20.005500	161
9.147010	12.332100	-21.793800	-20.016400	162
8.697220	12.212300	-21.850500	-19.974200	163
8.666210	12.214700	-21.820600	-19.862600	164
9.203490	12.213700	-21.747000	-19.750000	165
9.432280	12.235000	-21.628500	-19.621200	166
9.309000	12.486400	-21.604300	-19.533200	167
9.228460	12.616000	-21.610700	-19.456000	168
9.121210	12.434200	-21.548400	-19.388400	169
8.835230	12.233600	-21.487000	-19.346000	170
8.555840	12.132300	-21.471500	-19.326900	171
8.378060	12.035900	-21.468400	-19.371500	172
8.562010	11.911400	-21.451000	-19.424300	173
9.068640	12.078900	-21.393600	-19.367600	174
9.179870	12.210700	-21.343800	-19.259400	175
8.769550	11.722700	-21.351500	-19.208700	176
8.319080	11.021300	-21.381600	-19.254200	177
7.901030	10.441000	-21.199400	-19.135900	178
7.398260	9.865580	-20.891800	-18.838400	179
6.901130	9.270760	-20.833000	-18.737300	180
6.464940	8.654330	-20.931400	-18.864000	181
6.009380	8.075510	-21.015000	-19.013800	182
5.582450	7.451110	-20.941400	-18.936500	183
5.091480	6.634910	-20.761300	-18.683000	184
4.323760	5.850410	-20.735400	-18.539900	185
3.379300	5.262560	-20.847800	-18.600600	186
2.590300	4.717720	-20.940300	-18.678100	187
2.179580	4.094800	-20.896700	-18.578100	188
1.929480	3.270890	-20.792200	-18.456200	189
1.366600	2.440400	-20.716400	-18.437300	190
0.390166	1.715800	-20.697400	-18.456000	191
-0.511643	0.829492	-20.898200	-18.612800	192
-1.171470	-0.168742	-21.097600	-18.846100	193
-2.147370	-1.156630	-21.172800	-19.004700	194
-3.743950	-2.283660	-21.167700	-19.079800	195
-5.669730	-3.654370	-20.896900	-19.060200	196
-7.732210	-5.174930	-20.893200	-19.081300	197
-10.188700	-6.643950	-20.806000	-18.917000	198
-13.029100	-8.045850	-20.614100	-18.635500	199
-15.845900	-9.175970	-20.256500	-18.638600	200
-18.332800	-10.290100	-20.372400	-18.856400	201
-20.681300	-11.970100	-20.420900	-18.921100	202
-23.081900	-13.688400	-20.325800	-18.850600	203
-25.235700	-15.370300	-20.294000	-18.877100	204
-27.005400	-17.385900	-20.491200	-19.067300	205
-28.589600	-19.368500	-20.651500	-19.227800	206
-30.107800	-21.257700	-20.701400	-19.283000	207
-31.514100	-23.175400	-20.655400	-19.279300	208
-32.946700	-25.127200	-20.598200	-19.351700	209
-34.168800	-27.040200	-20.733800	-19.620700	210
-35.148100	-28.631300	-20.830500	-19.921100	211
-35.809100	-29.719000	-20.869000	-20.050300	212
-36.359300	-30.457000	-21.118600	-20.263200	213
-36.854800	-31.095200	-21.455200	-20.419200	214
-36.896600	-31.318600	-21.917300	-20.767000	215
-36.435900	-30.850400	-22.321800	-21.102600	216
-35.812300	-30.077200	-22.364100	-20.961500	217
-35.098500	-29.300300	-22.424500	-20.739400	218
-34.137300	-28.528400	-22.797400	-20.956600	219
-32.672800	-27.517900	-23.154600	-21.495600	220
-30.592300	-26.434300	-23.533100	-21.976100	221
-28.196400	-25.767400	-23.921500	-22.199800	222
-26.228700	-25.199300	-24.238400	-22.355000	223
-24.981300	-24.521700	-24.622600	-22.629000	224
-23.742600	-24.279700	-25.025000	-22.983800	225
-22.814500	-24.164500	-25.348100	-23.289900	226
-22.809200	-24.276600	-25.634400	-23.544900	227
-23.492900	-24.768800	-26.022200	-23.809500	228
-24.599300	-25.037900	-26.518300	-24.078400	229
-25.961100	-25.381500	-27.004600	-24.464300	230
-27.758200	-26.005600	-27.425300	-25.016200	231
-30.009900	-26.818500	-27.673700	-25.507100	232
-32.297300	-27.774900	-28.056000	-26.067400	233
-34.227400	-28.633500	-28.620800	-26.679000	234
-35.813100	-29.583400	-29.006800	-27.074500	235
-37.061100	-30.803900	-29.107400	-27.211900	236
-37.849500	-32.131900	-29.110600	-27.210200	237
-38.475400	-33.320600	-29.236800	-27.323200	238
-39.248300	-34.258400	-29.215600	-27.450600	239
-39.870500	-34.923100	-29.132100	-27.352200	240
-40.254800	-35.443500	-29.023200	-27.127900	241
-40.805900	-36.139800	-29.057300	-27.142200	242
-41.186400	-36.406100	-29.062900	-27.267100	243
-40.889900	-35.932800	-28.927100	-27.247200	244
-40.417900	-35.346000	-28.898100	-27.261900	245
-40.142700	-34.707800	-29.072100	-27.440600	246
-39.678500	-33.964600	-29.236300	-27.585300	247
-38.964000	-33.091900	-29.445200	-27.780700	248
-38.070200	-31.731100	-29.600500	-27.925700	249
-36.814600	-29.758100	-29.764500	-28.040300	250
-35.143000	-28.006200	-29.912100	-28.081400	251
-33.037800	-26.490700	-30.025500	-28.077700	252
-30.696800	-24.571000	-30.082000	-28.109900	253
-28.489500	-22.898500	-29.851200	-27.942000	254
-26.222700	-21.987400	-29.563900	-27.664200	255
-23.919300	-21.972600	-29.616700	-27.716700	256
-22.322200	-22.636100	-29.718000	-27.923300	257
-21.979200	-23.329700	-29.718800	-27.905200	258
-22.506400	-23.992800	-29.721100	-27.725700	259
-23.115700	-24.987200	-29.669500	-27.561000	260
-24.416800	-26.030100	-29.480700	-27.420000	261
-26.430200	-26.995200	-29.257400	-27.296100	262
-28.225600	-28.139800	-29.111100	-27.107000	263
-30.130600	-29.418900	-28.775500	-26.646700	264
-32.177700	-30.622000	-28.371500	-26.020500	265
-33.963100	-31.845300	-28.307100	-25.577900	266
-35.767900	-33.189500	-28.216300	-25.309300	267
-37.359200	-34.315800	-27.867800	-24.975100	268
-38.434100	-35.170800	-27.750600	-24.799600	269
-39.221600	-36.019000	-27.772500	-24.899600	270
-39.963600	-36.809000	-27.494400	-24.846400	271
-40.635500	-37.356500	-26.958300	-24.558800	272
-40.963800	-37.669600	-26.542500	-24.182000	273
-40.990400	-37.831300	-26.329200	-23.894200	274
-40.980200	-37.842600	-26.235700	-23.535300	275
-41.158700	-37.789300	-25.881800	-23.253300	276
-41.280100	-37.571800	-25.396100	-22.805600	277
-41.051100	-37.300200	-25.020700	-22.523400	278
-40.489100	-37.072900	-24.794800	-22.279700	279
-39.626000	-36.633500	-24.414900	-21.865400	280
-38.772700	-36.062800	-24.079600	-21.517300	281
-38.001000	-35.268000	-23.979000	-21.411600	282
-36.794800	-34.197900	-23.929600	-21.418900	283
-35.593400	-33.036800	-23.688600	-21.314800	284
-34.483200	-31.827500	-23.479500	-21.258200	285
-33.730300	-30.573600	-23.377500	-21.303200	286
-32.963100	-29.306400	-23.201000	-21.336200	287
-31.487600	-28.028100	-23.093400	-21.369700	288
-30.069500	-26.731200	-22.960400	-21.348400	289
-28.325500	-25.663500	-22.673800	-21.082000	290
-26.265700	-24.446100	-22.255600	-20.765300	291
-24.180700	-22.688200	-21.951200	-20.426800	292
-21.744700	-20.979200	-21.759300	-20.110600	293
-19.182000	-19.663500	-21.597500	-20.003800	294
-16.861800	-18.550700	-21.424100	-19.868600	295
-14.508800	-17.537000	-21.225300	-19.561900	296
-12.185300	-16.868900	-21.118200	-19.333000	297
-10.590000	-16.392100	-21.102900	-19.299600	298
-9.586410	-16.098300	-20.992000	-19.202800	299
-9.001240	-16.254200	-20.643100	-18.891200	300
-9.283810	-16.567600	-20.309400	-18.593900	301
-10.098900	-17.035500	-20.223200	-18.576000	302
-11.076100	-17.759200	-20.114800	-18.522400	303
-12.050900	-18.442300	-19.885400	-18.172800	304
-13.044200	-19.166200	-19.788300	-17.846400	305
-14.433400	-20.045300	-19.791200	-17.677200	306
-15.886700	-21.191500	-19.679100	-17.444900	307
-17.415400	-22.550500	-19.626200	-17.290900	308
-19.119000	-23.792400	-19.599000	-17.262900	309
-20.377600	-24.955000	-19.418600	-17.187800	310
-21.457400	-26.104500	-19.347300	-17.240100	311
-22.545500	-27.383600	-19.315300	-17.289100	312
-23.153100	-28.978000	-19.128700	-17.197500	313
-23.581100	-30.723500	-18.922500	-17.084500	314
-24.459000	-32.329400	-18.768100	-16.938600	315
-25.549400	-33.703500	-18.659900	-16.798200	316
-26.413300	-35.040100	-18.590100	-16.675100	317
-27.261100	-36.409400	-18.492200	-16.565200	318
-28.087100	-37.579300	-18.313300	-16.504000	319
-28.657300	-38.819700	-18.159400	-16.555100	320
-29.049300	-40.280500	-18.050600	-16.606700	321
-29.581400	-41.285600	-18.072500	-16.750500	322
-30.170000	-41.724200	-18.267200	-17.108600	323
-30.526000	-42.142300	-18.420300	-17.408200	324
-30.605200	-42.646400	-18.803800	-17.879500	325
-30.523700	-42.913300	-19.431700	-18.410300	326
-30.480300	-42.943600	-19.828600	-18.523900	327
-30.405000	-42.890700	-20.381100	-18.774400	328
-30.142400	-43.011700	-21.222400	-19.354600	329
-29.755100	-43.161900	-21.983000	-19.856000	330
-29.199000	-43.044100	-22.693000	-20.271300	331
-28.279200	-42.900000	-23.017800	-20.303800	332
-27.214700	-42.806200	-23.382600	-20.455200	333
-26.207600	-42.573200	-24.873000	-21.926300	334
-25.151400	-42.214400	-25.619300	-22.311500	335
-23.953600	-41.830500	-26.518500	-22.810900	336
-22.557100	-41.179800	-27.119600	-22.950600	337
-21.182000	-40.209200	-27.075000	-22.320300	338
-19.649400	-39.058100	-29.468000	-25.042600	339
-17.884900	-37.765800	-30.577600	-25.919700	340
-16.361300	-36.454500	-31.691000	-26.826400	341
-15.209300	-35.147300	-32.703300	-27.610000	342
-14.235000	-33.619900	-33.799300	-28.441200	343
-13.062800	-31.702700	-35.005500	-29.467400	344
-11.746300	-29.747900	-36.131600	-30.637700	345
-10.542900	-28.103900	-37.145600	-31.862400	346
-9.431110	-26.612900	-38.273500	-33.260400	347
-8.683800	-25.033500	-39.439700	-34.781000	348
-8.321710	-23.375100	-40.507200	-36.251700	349
-7.901110	-21.877500	-41.486800	-37.612800	350
-7.647810	-20.618800	-42.372900	-38.880200	351
-7.412510	-19.479500	-43.450700	-40.427200	352
-6.885530	-18.293300	-44.792100	-42.318400	353
-6.539680	-17.193500	-45.942400	-44.012100	354
-6.579150	-16.424400	-46.783800	-45.343500	355
-6.613310	-15.849100	-47.478000	-46.678300	356
-6.301840	-15.558500	-48.152200	-48.173900	357
-6.030060	-15.382900	-48.978600	-49.673900	358
-5.986400	-15.043100	-49.818600	-51.110100	359
-5.994350	-14.768400	-50.539800	-52.426800	360
-6.106020	-14.558200	-51.259300	-53.606100	361
-6.368920	-14.456600	-52.214300	-54.823800	362
-6.528530	-14.547800	-53.324900	-55.904400	363
-7.016390	-14.676400	-54.336200	-56.678300	364
-7.870420	-14.691600	-55.306000	-57.297400	365
-8.385460	-14.679100	-56.287000	-57.758400	366
-8.342090	-15.182200	-57.368700	-58.162500	367
-8.102710	-15.941700	-58.674200	-58.624000	368
-8.017750	-16.413100	-59.931000	-58.835500	369
-7.576110	-17.119100	-60.582600	-58.484200	370
-6.773880	-18.102200	-61.146600	-58.278300	371
-6.370940	-18.539200	-62.407400	-58.816300	372
-5.676920	-18.063100	-63.724800	-59.544000	373
-4.693510	-17.500800	-65.014200	-60.255400	374
-3.942270	-16.780600	-66.307500	-61.015800	375
-3.323060	-15.879200	-67.694000	-61.892800	376
-2.341010	-14.738400	-69.258400	-63.209200	377
-1.656310	-13.912000	-70.548600	-64.412000	378
-1.006980	-13.022800	-71.501400	-65.513300	379
-0.350346	-11.691200	-72.422500	-66.861500	380
0.025365	-10.542500	-73.401600	-68.104600	381
0.919917	-10.121600	-74.426100	-69.331000	382
0.315134	-6.889470	-75.281400	-70.735100	383
-0.388296	-4.666100	-76.053000	-72.210900	384
-0.545410	-2.239560	-76.801600	-73.658400	385
-0.017025	0.704111	-77.205200	-74.925900	386
0.213589	3.139190	-77.862200	-76.597800	387
0.545643	5.443020	-78.722900	-78.358800	388
0.996317	7.002390	-79.410100	-79.910800	389
0.552521	8.516360	-80.004300	-81.408500	390
1.218120	9.848770	-80.680300	-82.715800	391
1.719840	12.620000	-81.246200	-83.487300	392
1.803060	13.961500	-81.883300	-84.193200	393
1.997770	15.744500	-82.661800	-85.213300	394
2.672130	16.860900	-83.140400	-86.312300	395
2.928910	17.849900	-84.317300	-87.536400	396
3.086970	18.822100	-85.434400	-87.906700	397
1.925860	18.952300	-86.484500	-88.183200	398
2.075670	18.041300	-87.443000	-88.476900	399
2.123480	18.154300	-88.367800	-88.636800	400
2.875590	16.719000	-89.041100	-88.831600	401
4.068210	16.711200	-90.453000	-89.527800	402
5.131360	15.055000	-91.566200	-89.593900	403
5.918770	13.589700	-93.614200	-90.832300	404
7.195660	12.707700	-95.547100	-92.349400	405
8.635040	11.641400	-97.589300	-93.843100	406
10.585600	10.582600	-99.736100	-94.950700	407
12.520400	9.927580	-101.667000	-95.928500	408
14.103000	9.538370	-103.601000	-97.160400	409
16.157800	8.924440	-105.359000	-98.572900	410
18.244200	8.159040	-106.847000	-100.186000	411
20.027100	7.336890	-109.380000	-102.483000	412
21.535000	6.490970	-110.909000	-103.591000	413
22.250300	6.641990	-111.939000	-104.218000	414
24.320700	5.908490	-112.921000	-104.625000	415
26.277300	5.378080	-113.999000	-105.477000	416
27.713900	5.633800	-114.595000	-106.413000	417
28.660000	6.188410	-113.893000	-106.333000	418
29.266700	6.734950	-114.095000	-107.262000	419
29.699600	7.654710	-113.941000	-108.197000	420
30.008600	9.141730	-113.513000	-109.085000	421
29.929400	10.810000	-113.131000	-110.080000	422
29.522600	12.791300	-112.867000	-110.921000	423
28.848100	14.230900	-112.754000	-111.487000	424
27.961000	16.159800	-112.179000	-111.905000	425
27.310400	18.248100	-111.559000	-112.186000	426
26.241900	20.411300	-111.673000	-112.085000	427
24.975000	22.452800	-111.626000	-111.953000	428
23.817000	24.245800	-111.058000	-112.011000	429
22.594100	25.971200	-110.175000	-111.857000	430
21.170800	27.306300	-109.242000	-111.578000	431
19.546000	28.199400	-108.885000	-111.069000	432
18.112400	28.846600	-108.659000	-110.018000	433
17.013400	28.916600	-108.103000	-108.956000	434
15.857200	28.466700	-107.354000	-108.174000	435
14.742800	27.899000	-106.695000	-107.123000	436
14.016200	26.681200	-106.003000	-105.851000	437
13.674900	24.654500	-105.134000	-104.295000	438
13.653200	22.342000	-104.166000	-102.658000	439
13.243000	20.026200	-103.256000	-101.282000	440
12.660500	17.663700	-102.337000	-99.830100	441
12.177100	15.163800	-101.360000	-98.342000	442
12.188000	12.695500	-100.437000	-97.078900	443
12.155800	10.005800	-99.494400	-95.815100	444
11.862800	7.101280	-98.527700	-94.421000	445
11.645400	4.085100	-97.571000	-92.949400	446
11.508800	1.160830	-96.480300	-91.603300	447
11.174600	-1.518710	-95.371700	-90.478700	448
10.776800	-3.926420	-94.540800	-89.351300	449
10.545700	-6.089160	-93.650200	-88.110400	450
9.838050	-8.473980	-92.468600	-86.933100	451
9.380690	-10.459700	-91.365200	-85.829500	452
9.119420	-12.196700	-90.168600	-84.645000	453
8.173910	-13.941300	-88.806600	-83.411100	454
6.443140	-15.746400	-87.774800	-82.165900	455
5.089070	-17.145800	-86.879900	-81.061100	456
3.729980	-18.153100	-85.782800	-80.051400	457
2.009300	-19.042800	-84.533200	-78.903700	458
0.481021	-19.718800	-82.948200	-77.438500	459
-0.658583	-20.175500	-81.533900	-76.169000	460
-1.967300	-20.702200	-79.946300	-74.976300	461
-3.388740	-20.958900	-78.282600	-73.704800	462
-4.508090	-20.798800	-76.774200	-72.421400	463
-5.398360	-20.442000	-75.088400	-71.575700	464
-6.434410	-20.087000	-73.595600	-70.783700	465
-7.352090	-19.696400	-72.069500	-69.688900	466
-7.731510	-19.197900	-70.324300	-68.736100	467
-8.104590	-19.025300	-68.619400	-67.903600	468
-8.503160	-18.831100	-67.261600	-67.018300	469
-8.839710	-18.561400	-66.051300	-66.116100	470
-9.150710	-18.275400	-64.861300	-65.370800	471
-9.060920	-17.780800	-63.855800	-64.854600	472
-8.634550	-17.381600	-63.226600	-64.611300	473
-8.442850	-16.959200	-62.500500	-64.209100	474
-8.247900	-16.260500	-61.988700	-64.089000	475
-7.793120	-15.494100	-61.659700	-64.090100	476
-7.461720	-14.823500	-61.042200	-63.823300	477
-7.351200	-14.299200	-60.434100	-63.634300	478
-7.151540	-13.900300	-60.145000	-63.588900	479
-6.979900	-13.457000	-59.634500	-63.212800	480
-6.816260	-13.120400	-58.786400	-62.675100	481
-6.821680	-13.034300	-57.819000	-61.903000	482
-6.978100	-12.723100	-56.868000	-60.730100	483
-7.027740	-12.617800	-56.016800	-59.519100	484
-7.143200	-13.463200	-55.180000	-58.324400	485
-7.625980	-14.532800	-54.368800	-57.092000	486
-8.557860	-15.269800	-53.460700	-55.739700	487
-9.408430	-15.930100	-52.525300	-54.378100	488
-9.871920	-16.773000	-51.618700	-53.070900	489
-10.375200	-17.966300	-50.435100	-51.456800	490
-11.060300	-19.166600	-49.359200	-49.916500	491
-11.656500	-20.261900	-48.586300	-48.584000	492
-12.387800	-21.598500	-47.689600	-47.159400	493
-13.532600	-22.909300	-46.842100	-45.964800	494
-14.644800	-24.017100	-45.827900	-44.558400	495
-15.627200	-25.166900	-44.088200	-42.174700	496
-16.544200	-26.162900	-43.454900	-41.160700	497
-17.201500	-26.740900	-42.433100	-39.710000	498
-17.971400	-27.111500	-41.473500	-38.428800	499
-18.950600	-27.549200	-40.726500	-37.565100	500
-19.504400	-27.983700	-39.835100	-36.708800	501
-19.994400	-28.288500	-38.757400	-35.596000	502
-20.616300	-28.301400	-37.672100	-34.460200	503
-21.123500	-27.965200	-36.545600	-33.362300	504
-21.228800	-27.417200	-35.272200	-32.257500	505
-21.202500	-26.791500	-33.983200	-31.204900	506
-21.422600	-26.223800	-32.782200	-30.186800	507
-21.624200	-25.562200	-31.582000	-29.173900	508
-21.598400	-24.840700	-30.284200	-28.018500	509
-21.576300	-24.247400	-28.842700	-26.652700	510
-21.054900	-23.039900	-27.461100	-25.480700	511
-20.040400	-21.019300	-26.236600	-24.661900	512
-19.475400	-19.451500	-25.213300	-23.902700	513
-19.506000	-18.564100	-24.337400	-23.046000	514
-19.284700	-17.512800	-23.542700	-22.234100	515
-19.020100	-16.238400	-22.765600	-21.461300	516
-18.776200	-15.294700	-21.859800	-20.549200	517
-19.054300	-14.997200	-20.909200	-19.595500	518
-17.656500	-13.063600	-19.975400	-18.766700	519
-17.311200	-12.147300	-19.027000	-17.954800	520
-17.456100	-11.902900	-17.950000	-16.878800	521
-17.220300	-11.569300	-16.901200	-15.748400	522
-16.766000	-10.942700	-16.108000	-14.924900	523
-16.495200	-10.198100	-15.439600	-14.295300	524
-16.235800	-9.579090	-14.759600	-13.683500	525
-15.941700	-9.130340	-14.027000	-13.023500	526
-15.437000	-8.680740	-13.353000	-12.429400	527
-14.578200	-8.320820	-12.755300	-11.938100	528
-14.042900	-8.231100	-12.091300	-11.371000	529
-13.837500	-8.077660	-11.393900	-10.691600	530
-13.423500	-7.693570	-10.823200	-10.116800	531
-13.073100	-7.307130	-10.432200	-9.779410	532
-12.781100	-6.983560	-10.108700	-9.534640	533
-12.692300	-7.127180	-9.741990	-9.318980	534
-12.591900	-7.360560	-9.353490	-9.119580	535
-12.446800	-7.292140	-9.043480	-8.886000	536
-12.097100	-6.945210	-8.777710	-8.715700	537
-11.829200	-6.765860	-8.340030	-8.537600	538
-11.734100	-6.893390	-7.945950	-8.381330	539
-11.500400	-7.010710	-7.803680	-8.422330	540
-11.305100	-7.246060	-7.669690	-8.444510	541
-11.499200	-7.741170	-7.680650	-8.477450	542
-11.899800	-8.236620	-7.781470	-8.635270	543
-12.780200	-8.910850	-7.684830	-8.606740	544
-13.513200	-9.723550	-7.473930	-8.285010	545
-13.940400	-10.528900	-7.326390	-8.017760	546
-14.411000	-11.063400	-7.196870	-7.906220	547
-14.768400	-11.305500	-7.033790	-7.733990	548
-15.174000	-11.670800	-6.936690	-7.512150	549
-15.753800	-12.351700	-6.919590	-7.351120	550
-16.145300	-12.556600	-6.895840	-7.258200	551
-16.432300	-12.781700	-6.778960	-7.126660	552
-16.828700	-13.193200	-6.755010	-6.949100	553
-17.114900	-13.829100	-6.751580	-6.785320	554
-17.360400	-14.288700	-6.647400	-6.572840	555
-17.501000	-14.493100	-6.580100	-6.305160	556
-17.545300	-14.634300	-6.528670	-6.004070	557
-17.723000	-14.918500	-6.469650	-5.734170	558
-17.987800	-15.451400	-6.387230	-5.449480	559
-18.326900	-15.896700	-6.338860	-5.071790	560
-18.848900	-16.365400	-6.388460	-4.719890	561
-19.178800	-16.850200	-6.407720	-4.468170	562
-19.109700	-17.000600	-6.328240	-4.375370	563
-18.998300	-17.041300	-6.319940	-4.355930	564
-18.950700	-17.182200	-6.385650	-4.349870	565
-18.722700	-17.186600	-6.326100	-4.352010	566
-18.452200	-17.090700	-6.215870	-4.416910	567
-18.525900	-17.214500	-6.159500	-4.602570	568
-18.621600	-17.570000	-6.068890	-4.818300	569
-18.844600	-18.667100	-6.051110	-5.039630	570
-19.072800	-20.506200	-6.166710	-5.423160	571
-19.294900	-22.334200	-6.341700	-5.838740	572
-19.283000	-22.987800	-6.441020	-6.011660	573
-19.543500	-19.580500	-6.463000	-6.236730	574
-19.892300	-20.421100	-6.471250	-6.634590	575
-20.769400	-21.694200	-6.390540	-6.768310	576
-21.150900	-22.282500	-6.311760	-6.541410	577
-21.266700	-22.178600	-6.346190	-6.352880	578
-21.857400	-22.796700	-6.361620	-6.190520	579
-22.212500	-23.402700	-6.376500	-5.919260	580
-22.529900	-24.173700	-6.528390	-5.781410	581
-22.433400	-24.262200	-6.712410	-5.704380	582
-22.387600	-23.979700	-6.988160	-5.484500	583
-22.596100	-23.816500	-7.344730	-5.176190	584
-22.746100	-23.432200	-7.496540	-4.890800	585
-22.796900	-22.899800	-7.526110	-4.642610	586
-23.017300	-22.743700	-7.646570	-4.483590	587
-23.158500	-22.700400	-7.680550	-4.488540	588
-22.982500	-22.266300	-7.541000	-4.555340	589
-22.804900	-21.751300	-7.425840	-4.579250	590
-22.707900	-21.329200	-7.332360	-4.600860	591
-22.603000	-20.754400	-7.159280	-4.567910	592
-22.484200	-20.212000	-6.986190	-4.472690	593
-22.179600	-19.608800	-6.866810	-4.440240	594
-21.827600	-19.008000	-6.771490	-4.422210	595
-21.561200	-18.701500	-6.687600	-4.419110	596
-21.308300	-18.501700	-6.646370	-4.500190	597
-21.980300	-19.199400	-6.641360	-4.634790	598
-20.805000	-17.926500	-6.564310	-4.744380	599
-20.289700	-17.401100	-6.442180	-4.785100	600
-20.241800	-17.341200	-6.438650	-4.830430	601
-20.152400	-17.461500	-6.521230	-5.010990	602
-19.971800	-17.359800	-6.552450	-5.260420	603
-19.663800	-17.095300	-6.581950	-5.557150	604
-19.521100	-16.988100	-6.662010	-6.073920	605
-19.580000	-17.276600	-6.729350	-6.657770	606
-19.828500	-17.598900	-6.897540	-7.198390	607
-20.100000	-18.164400	-6.927640	-7.519040	608
-20.034000	-18.686200	-6.628290	-7.452040	609
-19.825800	-18.819300	-6.418150	-7.249350	610
-19.968500	-19.311400	-6.384860	-7.023660	611
-20.357900	-20.256600	-6.395660	-6.830490	612
-20.310600	-20.834100	-6.519840	-6.867050	613
-20.340300	-21.383100	-6.619810	-6.895050	614
-20.951000	-22.171300	-6.625900	-6.652760	615
-21.634200	-22.812400	-6.819980	-6.482970	616
-22.145000	-23.710900	-7.114340	-6.414400	617
-22.432200	-24.822700	-7.314880	-6.188590	618
-22.505000	-25.296300	-7.524080	-5.849290	619
-22.498500	-25.361100	-7.734400	-5.656430	620
-22.382200	-25.268300	-7.756090	-5.630770	621
-22.260600	-25.028800	-7.558420	-5.429860	622
-22.452100	-25.230300	-7.454750	-5.136940	623
-22.660600	-25.506000	-7.476790	-4.948170	624
-22.520100	-25.314800	-7.377820	-4.703730	625
-22.606800	-25.299400	-7.176770	-4.452160	626
-22.841600	-25.503200	-6.996890	-4.390350	627
-22.746500	-25.140300	-6.745600	-4.503450	628
-22.527900	-24.400500	-6.394750	-4.595440	629
-22.211100	-23.938500	-6.032440	-4.435990	630
-21.926300	-23.419900	-5.737890	-4.161530	631
-21.747900	-22.604000	-5.477190	-4.026180	632
-21.349900	-21.883000	-5.176730	-3.941500	633
-20.911500	-21.362500	-4.895490	-3.736900	634
-20.811300	-21.012600	-4.617850	-3.541860	635
-20.866400	-20.713000	-4.442140	-3.418700	636
-20.836100	-20.474400	-4.442090	-3.319340	637
-20.783300	-20.280500	-4.535070	-3.243930	638
-20.858300	-20.222100	-4.669570	-3.173670	639
-21.048300	-20.573200	-4.860890	-3.117140	640
-21.231200	-20.856700	-5.011490	-3.029200	641
-21.426100	-20.883500	-4.981290	-2.897080	642
-21.584200	-21.233200	-4.936870	-2.739570	643
-21.687900	-21.918800	-5.034010	-2.715620	644
-21.890600	-22.528900	-5.120880	-2.875180	645
-22.199300	-22.796300	-5.176970	-3.017190	646
-22.643500	-22.849500	-5.281400	-3.090420	647
-23.166500	-23.049300	-5.350740	-3.243360	648
-23.705600	-23.148500	-5.387660	-3.481840	649
-24.469000	-23.790500	-5.391950	-3.522500	650
-25.077500	-24.924700	-5.342930	-3.279140	651
-25.220200	-25.595700	-5.322480	-2.995810	652
-25.350400	-26.348100	-5.286910	-2.758920	653
-25.452000	-26.943300	-5.137430	-2.518100	654
-25.474500	-27.174500	-5.070710	-2.433560	655
-25.597900	-27.678600	-5.126990	-2.480570	656
-25.753100	-28.126500	-5.126270	-2.384960	657
-25.914500	-28.277100	-5.154820	-2.221250	658
-26.221300	-28.434200	-5.249570	-2.067240	659
-26.587800	-28.600900	-5.282120	-1.727300	660
-26.918100	-28.832900	-5.236170	-1.306920	661
-27.263400	-29.315700	-5.104580	-1.028520	662
-27.454100	-29.614700	-4.978430	-0.702267	663
-27.312000	-29.393600	-4.896510	-0.243158	664
-27.052800	-29.097800	-4.868270	0.194403	665
-27.010800	-29.080500	-4.984910	0.698916	666
-27.143200	-29.246800	-5.037780	1.489820	667
-27.263200	-29.368500	-4.849180	1.260520	668
-27.277500	-29.248600	-4.611160	0.897507	669
-27.237700	-28.947100	-4.470880	0.718893	670
-27.379300	-28.912500	-4.313330	0.684815	671
-27.402800	-29.059300	-4.184000	0.810822	672
-27.084700	-28.874400	-4.228880	0.990836	673
-26.776400	-28.472900	-4.367700	1.790720	674
-26.670900	-28.146900	-4.442360	1.825530	675
-26.745000	-27.948900	-4.441360	0.928087	676
-26.680300	-27.656200	-4.340760	0.336382	677
-26.618400	-27.600200	-4.124080	0.216750	678
-26.875900	-27.709300	-3.862240	-0.055993	679
-26.979100	-27.551800	-3.602600	-0.527383	680
-26.483100	-27.268900	-3.459300	-0.625355	681
-25.983500	-27.178300	-3.387010	-0.353047	682
-25.815100	-27.019700	-3.274060	-0.060765	683
-25.643200	-26.659700	-3.128940	0.227262	684
-25.482100	-26.485700	-2.983020	0.772103	685
-25.397600	-26.362200	-2.839480	1.213610	686
-25.370400	-26.266900	-2.531700	1.131940	687
-25.448500	-26.312300	-2.200800	0.840512	688
-25.455500	-26.262600	-2.053680	0.563035	689
-25.312700	-26.074100	-1.919330	0.513549	690
-25.033300	-25.753700	-1.822240	0.684459	691
-24.834600	-25.554500	-1.803950	0.861878	692
-24.824600	-25.531500	-1.738100	0.963728	693
-24.606800	-25.233400	-1.639510	1.109630	694
-24.199000	-24.797000	-1.635690	1.322760	695
-23.909800	-24.710900	-1.682340	1.502020	696
-23.767600	-24.751000	-1.702070	1.697660	697
-23.406800	-24.582800	-1.735400	2.003920	698
-23.019500	-24.327600	-1.815990	2.361620	699
-23.028800	-24.114200	-1.881640	2.650180	700
-23.150900	-24.154100	-1.872760	2.783000	701
-22.959600	-24.214300	-1.814820	2.578210	702
-22.660100	-24.133500	-1.669550	2.094840	703
-22.578900	-24.331000	-1.334240	1.622690	704
-22.639300	-24.688600	-0.747104	1.178580	705
-22.614900	-25.063800	-0.111613	0.698682	706
-22.548600	-25.378300	0.293103	0.302370	707
-22.632200	-25.586900	0.415396	0.029868	708
-22.809300	-25.800500	0.390481	-0.143867	709
-22.972300	-26.031000	0.251391	-0.121323	710
-23.108600	-26.195900	0.003558	0.097939	711
-23.244400	-26.408400	-0.295014	0.430490	712
-23.431800	-26.786900	-0.629354	0.851588	713
-23.640500	-27.069900	-1.011580	1.277480	714
-23.918300	-27.370100	-1.351190	1.540730	715
-24.292700	-27.781200	-1.560640	1.715510	716
-24.716100	-28.379800	-1.684260	1.919580	717
-25.035200	-29.017700	-1.716320	1.934510	718
-25.284400	-29.348100	-1.736980	1.763800	719
-25.485200	-29.598100	-1.727570	1.598380	720
-25.636100	-29.923600	-1.540390	1.514650	721
-25.959800	-30.204600	-1.278970	1.378570	722
-26.301600	-30.390500	-1.125700	1.186060	723
-26.571300	-30.691900	-1.082280	1.142370	724
-26.856600	-31.336000	-1.141160	1.244600	725
-27.140700	-31.831200	-1.290800	1.354320	726
-27.387200	-31.835200	-1.404010	1.333220	727
-27.620800	-32.108200	-1.539470	1.234290	728
-27.978600	-32.865600	-1.638890	1.204860	729
-28.355400	-33.506700	-1.683260	1.372990	730
-28.467400	-33.606600	-1.855620	1.710870	731
-28.380300	-33.367800	-2.186150	2.169750	732
-28.547800	-33.190200	-2.464020	2.877760	733
-29.236600	-33.416900	-2.703740	3.978680	734
-29.664900	-34.212600	-3.049460	3.773280	735
-29.747000	-33.876000	-3.354860	3.516200	736
-29.541200	-34.085700	-3.505760	3.291270	737
-29.663600	-34.177200	-3.533890	3.132200	738
-30.150700	-34.283700	-3.538710	2.959690	739
-30.393300	-34.354700	-3.507040	2.835850	740
-30.419100	-34.507000	-3.571520	2.758580	741
-30.549300	-34.893200	-3.667780	2.645740	742
-30.701800	-35.261600	-3.674790	2.538810	743
-32.269600	-35.579900	-3.667170	2.490920	744
-33.014100	-35.910200	-3.541020	2.497400	745
-32.770700	-36.000900	-3.401390	2.444680	746
-32.500500	-35.762900	-3.324200	2.367210	747
-32.752100	-35.638700	-3.270970	2.335090	748
-33.053500	-35.706000	-3.257740	2.338230	749
-33.078300	-36.072700	-3.266680	2.342300	750
-32.996900	-36.517600	-3.346370	2.271330	751
-33.156300	-36.204800	-3.470500	2.222890	752
-33.223000	-35.612200	-3.598990	2.215500	753
-32.808700	-35.039800	-3.752030	2.152310	754
-32.388400	-34.276300	-3.899630	2.086220	755
-32.344400	-33.618300	-3.934610	2.119110	756
-32.129700	-32.969700	-3.943150	2.168080	757
-31.843100	-32.248700	-3.996630	2.140870	758
-31.662500	-31.405500	-3.919610	2.154000	759
-31.320400	-30.518500	-3.829640	2.222920	760
-31.071700	-29.747000	-3.855670	2.222910	761
-30.768600	-28.936100	-3.804240	2.267790	762
-30.336200	-28.153300	-3.605990	2.465050	763
-29.734000	-27.337000	-3.396670	2.613460	764
-28.983800	-26.363200	-3.275710	2.607600	765
-28.349000	-25.601400	-3.178550	2.585290	766
-27.784700	-24.873900	-3.162990	2.175310	767
-27.041600	-23.757900	-3.255740	1.881050	768
-26.300700	-22.565100	-3.295190	2.124950	769
-25.600800	-21.569400	-3.253720	2.688500	770
-24.823300	-20.669000	-3.197720	2.716870	771
-23.907800	-19.686900	-3.183080	2.795790	772
-22.952100	-18.678600	-3.226380	2.847450	773
-22.035400	-17.722700	-3.243930	2.843630	774
-21.169600	-16.816800	-3.206640	2.841170	775
-20.399700	-16.072900	-3.201720	2.820570	776
-19.538600	-15.242700	-3.220400	2.814210	777
-18.739300	-14.322200	-3.314590	2.824970	778
-18.039500	-13.377800	-3.559980	2.754210	779
-17.369600	-12.486200	-3.882560	2.624800	780
-16.634000	-11.618400	-4.100120	2.565330	781
-15.728700	-10.864200	-4.170590	2.571920	782
-14.922300	-10.232600	-4.136440	2.609650	783
-14.197100	-9.459840	-3.938700	2.738770	784
-13.512200	-8.846120	-3.686830	2.903640	785
-12.806700	-8.406380	-3.569270	3.014610	786
-11.962100	-7.734730	-3.616130	3.086330	787
-11.239400	-7.155760	-3.673090	3.110160	788
-10.519000	-6.604290	-3.642360	3.166270	789
-9.567410	-6.026980	-3.643410	3.247670	790
-8.751580	-5.459450	-3.661070	3.300820	791
-8.051330	-4.704860	-3.523720	3.474700	792
-7.075650	-4.209620	-3.298320	3.680400	793
-6.001620	-3.891470	-3.146450	3.755600	794
-5.486840	-3.467880	-3.032900	3.788100	795
-5.434110	-3.088300	-2.875730	3.860070	796
-5.085310	-2.656480	-2.728780	3.906110	797
-4.586670	-2.227120	-2.695700	3.802110	798
-3.921640	-1.855900	-2.721120	3.783750	799
-2.832780	-1.406270	-2.659040	3.352350	800
-1.893660	-0.893646	-2.486650	2.698620	801
-1.249400	-0.368472	-2.268280	2.318560	802
-0.292106	0.167857	-2.115350	2.146090	803
0.571097	0.738864	-1.957870	1.872850	804
1.025190	1.412120	-1.879850	1.631040	805
1.920460	2.538930	-1.961390	1.536270	806
3.024480	4.266880	-1.975810	1.426890	807
2.668470	3.442640	-2.007890	1.224450	808
2.539030	3.535060	-2.070860	1.146700	809
3.193920	3.993270	-2.067610	1.138340	810
3.978500	4.423890	-2.089310	0.969266	811
4.310180	4.841600	-2.081070	0.780809	812
4.808610	5.134170	-2.059980	0.579173	813
5.315140	5.320410	-2.162030	0.153061	814
5.604230	5.477760	-2.291500	-0.323622	815
5.932210	5.631230	-2.342060	-0.600116	816
6.193150	5.833530	-2.430850	-0.840946	817
6.256340	6.116690	-2.512330	-1.040040	818
6.109720	6.310210	-2.504820	-1.142100	819
5.883470	6.294340	-2.494690	-1.237070	820
5.882700	6.177570	-2.498500	-1.278580	821
6.419650	6.235450	-2.552550	-1.302470	822
6.687140	5.953880	-2.633310	-1.310490	823
6.756220	5.839940	-2.697450	-1.287450	824
6.782370	6.069190	-2.787180	-1.149570	825
6.823080	6.080840	-2.892590	-0.921210	826
6.973520	5.929590	-2.928650	-0.688717	827
7.362530	6.958640	-2.997610	-0.511886	828
7.274130	7.434360	-3.242160	-0.520331	829
7.173340	7.664800	-3.462060	-0.631159	830
7.515430	7.793580	-3.488460	-0.639950	831
7.894850	7.906200	-3.382350	-0.571713	832
7.981500	8.157590	-3.293050	-0.580058	833
7.968810	8.327460	-3.252440	-0.678165	834
7.982350	8.427930	-3.122370	-0.802051	835
7.891680	8.685040	-2.913480	-0.857400	836
7.914020	8.962200	-2.788330	-0.919728	837
8.135890	9.130150	-2.773620	-1.061500	838
8.341290	9.252660	-2.849930	-1.155760	839
8.574550	9.325930	-2.957660	-1.123100	840
8.688390	9.350150	-2.919870	-0.998718	841
8.759130	9.361640	-2.776540	-0.859339	842
8.775220	9.342910	-2.784020	-0.818520	843
8.716860	9.259400	-2.896300	-0.884281	844
8.752050	9.159930	-2.876780	-1.004730	845
8.891220	9.236400	-2.782330	-1.104430	846
8.927690	9.318480	-2.799610	-1.201120	847
8.591710	9.310410	-2.927390	-1.332170	848
8.168160	9.220600	-3.055930	-1.383490	849
8.164360	9.092200	-3.229600	-1.395970	850
8.445990	9.076380	-3.427340	-1.362010	851
8.553180	8.915880	-3.528870	-1.194280	852
8.518440	8.745810	-3.553470	-1.164390	853
8.313450	8.707740	-3.629700	-1.408150	854
8.075150	9.042230	-3.767270	-1.681960	855
8.440860	10.104100	-3.819180	-1.907990	856
7.991470	8.959300	-3.780140	-2.123910	857
7.901180	8.662810	-3.770310	-2.266000	858
7.703920	8.533630	-3.815380	-2.336200	859
7.606100	8.294900	-3.878430	-2.440230	860
7.533360	8.260990	-3.904230	-2.525970	861
7.627160	8.446810	-3.858530	-2.578150	862
7.845870	8.480060	-3.808280	-2.634270	863
7.657420	8.432700	-3.786170	-2.638000	864
7.450640	8.539850	-3.741090	-2.631050	865
7.443360	8.546920	-3.747190	-2.704070	866
7.379680	8.510180	-3.857110	-2.706500	867
7.450860	8.612330	-3.960230	-2.601490	868
7.712430	8.759690	-3.995020	-2.585040	869
7.901410	8.810850	-4.033200	-2.594680	870
7.852220	8.718370	-4.133790	-2.655390	871
7.611890	8.708770	-4.173590	-2.796530	872
7.446380	8.931600	-4.129340	-2.841190	873
7.626660	9.125010	-4.042370	-2.753140	874
7.954370	9.139190	-3.969970	-2.643890	875
8.035770	9.048350	-4.065110	-2.598960	876
7.999130	8.973840	-4.211110	-2.586870	877
7.938930	8.865330	-4.234310	-2.515520	878
7.754300	8.777860	-4.205100	-2.284530	879
7.849480	8.867040	-4.046140	-2.035980	880
7.896450	8.852190	-3.832210	-2.048050	881
7.728760	8.742520	-3.775520	-2.158710	882
7.592880	8.696960	-3.759240	-2.137670	883
7.387610	8.765260	-3.776750	-2.071260	884
7.337400	8.910020	-3.867000	-1.995940	885
7.480020	9.012250	-4.015490	-1.892290	886
7.612840	9.019850	-4.207100	-1.723000	887
7.567170	8.829250	-4.394920	-1.513810	888
7.619250	8.724290	-4.460440	-1.366530	889
7.967900	8.982660	-4.409860	-1.260580	890
8.382640	9.283710	-4.314840	-1.162570	891
8.602350	9.506370	-4.187480	-1.063880	892
8.353890	9.912950	-4.192460	-1.000750	893
7.908340	10.214200	-4.176550	-0.899217	894
7.763660	10.173200	-4.070760	-0.702592	895
7.758410	9.726150	-4.051230	-0.563015	896
7.598000	8.916220	-4.062310	-0.542644	897
7.213330	8.131600	-3.984280	-0.640044	898
6.826810	7.684970	-3.862650	-0.851877	899
6.617230	7.336890	-3.779710	-1.088960	900
6.266520	6.704970	-3.669220	-1.307050	901
5.761550	6.166490	-3.703480	-1.621870	902
5.345650	5.719720	-3.900170	-1.839880	903
4.939780	5.073180	-3.968800	-1.701200	904
4.657750	4.406270	-4.059670	-1.509480	905
4.392510	3.725090	-4.273090	-1.420460	906
3.841190	3.085720	-4.414780	-1.296040	907
3.218010	2.560580	-4.603090	-1.211540	908
2.608880	1.904650	-4.801000	-1.168370	909
1.796070	0.982406	-4.811560	-1.160200	910
0.886630	-0.235573	-4.628760	-1.128010	911
-0.022285	-1.501890	-4.438130	-1.035950	912
-0.883609	-2.798440	-4.448380	-1.074930	913
-1.467400	-4.455280	-4.459050	-1.157750	914
-2.038140	-6.297010	-4.484260	-1.250750	915
-2.784760	-8.054190	-4.575250	-1.471070	916
-3.877840	-9.271910	-4.490660	-1.699070	917
-5.228320	-10.320700	-4.731030	-2.353520	918
-6.395600	-11.950600	-4.957910	-2.796580	919
-7.972960	-13.387100	-4.993250	-2.763530	920
-10.172700	-14.301100	-4.749080	-2.524050	921
-12.217500	-15.484100	-4.927560	-2.713810	922
-14.084300	-17.000300	-5.110680	-2.912320	923
-16.163300	-18.272000	-5.250430	-3.223020	924
-18.505600	-19.320400	-5.313020	-3.645650	925
-21.047100	-20.528000	-5.377980	-4.091830	926
-23.583400	-22.073700	-5.679290	-4.471090	927
-25.941700	-24.005500	-6.022990	-4.752120	928
-28.178800	-25.937500	-6.189270	-4.996440	929
-30.323100	-27.577200	-6.469630	-5.269260	930
-32.478600	-29.031900	-6.963090	-5.637250	931
-34.766500	-30.574200	-7.249370	-5.987440	932
-36.793900	-32.243600	-7.222070	-6.152960	933
-39.004400	-33.852200	-7.087540	-6.195000	934
-40.990400	-35.237300	-7.029780	-6.246680	935
-42.221400	-36.338400	-7.118780	-6.353500	936
-43.085700	-37.293600	-7.249180	-6.466610	937
-43.962700	-38.157500	-7.232120	-6.450520	938
-44.869500	-38.998900	-7.138410	-6.429990	939
-45.316600	-39.760500	-7.024650	-6.505570	940
-45.191200	-40.306600	-6.785870	-6.477250	941
-44.952500	-40.413400	-6.582280	-6.417630	942
-44.718000	-40.154000	-6.602190	-6.522680	943
-44.488200	-39.839400	-6.693730	-6.721680	944
-44.230300	-39.282600	-6.717150	-6.871110	945
-43.657300	-38.346400	-6.828210	-7.001600	946
-42.609800	-36.920600	-6.977040	-7.159340	947
-40.976600	-35.041300	-7.114990	-7.250670	948
-38.770700	-33.141700	-7.279840	-7.248440	949
-36.615500	-31.486400	-7.419910	-7.294340	950
-34.172300	-30.144400	-7.585970	-7.445970	951
-31.497500	-28.921000	-7.764440	-7.613270	952
-29.598400	-28.049200	-7.985120	-7.748360	953
-27.932000	-27.813600	-8.225750	-7.822440	954
-26.407900	-27.944100	-8.481390	-7.822700	955
-25.623700	-28.225800	-8.799010	-7.751640	956
-25.512200	-28.612900	-9.005580	-7.532270	957
-25.747500	-29.222900	-9.153710	-7.348740	958
-26.347900	-30.410800	-9.330400	-7.358930	959
-27.542300	-31.688300	-9.417380	-7.440040	960
-29.080800	-32.369900	-9.382540	-7.608350	961
-30.876400	-33.153900	-9.310570	-7.847120	962
-32.577600	-34.236100	-9.300980	-8.120210	963
-34.185100	-35.296200	-9.427790	-8.475780	964
-35.991200	-36.500400	-9.621950	-8.837270	965
-37.334600	-37.633900	-9.712030	-8.936710	966
-38.014500	-38.543900	-9.659900	-8.702220	967
-38.805000	-39.433400	-9.918350	-9.262550	968
-39.946100	-40.473700	-10.322000	-9.447820	969
-40.859800	-41.283700	-10.419100	-9.502420	970
-41.541800	-41.467200	-10.507000	-9.678900	971
-42.295600	-41.466900	-10.923500	-10.086500	972
-43.072000	-41.565600	-11.229200	-10.378200	973
-43.834000	-41.736200	-11.006100	-10.240700	974
-44.520600	-41.857500	-10.591000	-10.121300	975
-44.804400	-41.476500	-10.410500	-9.980300	976
-44.526100	-40.785800	-10.449000	-10.019000	977
-43.990900	-40.207800	-10.477800	-10.110100	978
-43.575200	-39.705200	-10.550800	-10.127800	979
-43.389800	-39.121500	-10.654900	-10.101100	980
-43.215600	-38.324600	-10.506800	-10.017800	981
-42.708500	-37.397000	-10.289300	-9.904420	982
-41.960900	-36.301300	-10.335100	-9.888070	983
-41.123700	-34.994400	-10.467100	-9.932780	984
-39.911200	-33.573000	-10.468800	-9.977490	985
-38.166200	-32.114800	-10.241800	-9.986990	986
-36.292000	-30.594400	-9.953060	-9.968720	987
-34.672600	-29.036300	-9.887970	-10.029500	988
-33.327300	-27.407500	-9.896990	-10.085400	989
-31.694000	-25.754400	-9.852880	-10.089600	990
-29.802900	-24.551200	-9.785090	-10.057600	991
-28.269000	-23.593900	-9.725020	-9.993570	992
-27.123100	-22.436100	-9.750790	-10.044700	993
-25.917500	-21.513500	-9.876460	-10.208500	994
-24.689700	-21.180000	-10.030400	-10.361800	995
-23.740700	-21.267500	-10.151700	-10.433000	996
-23.112300	-21.694200	-10.232200	-10.415600	997
-23.227100	-22.163000	-10.305000	-10.361700	998
-23.532100	-22.679800	-10.415200	-10.409400	999
-23.489700	-23.453100	-10.554400	-10.529300	1000
-23.867800	-24.153400	-10.585900	-10.484500	1001
-24.771800	-24.690400	-10.564800	-10.381500	1002
-26.025500	-25.637100	-10.699300	-10.420200	1003
-27.484700	-27.028300	-10.955300	-10.599500	1004
-28.870000	-28.302300	-11.145500	-10.786000	1005
-30.231900	-29.620000	-11.196600	-10.879000	1006
-31.683200	-31.142200	-11.269000	-10.994900	1007
-33.183000	-32.602100	-11.325400	-11.091500	1008
-34.645900	-33.943000	-11.238600	-11.048100	1009
-35.848300	-35.116800	-11.211900	-11.083600	1010
-36.770900	-35.783500	-11.355100	-11.315800	1011
-37.734500	-36.247300	-11.502000	-11.519100	1012
-38.746200	-36.838800	-11.499900	-11.496200	1013
-39.641300	-37.225700	-11.543100	-11.445700	1014
-40.418300	-37.478000	-11.800600	-11.577800	1015
-40.896400	-37.693400	-12.027400	-11.737600	1016
-41.041900	-37.702000	-12.091500	-11.804000	1017
-41.088200	-37.464700	-12.035600	-11.749400	1018
-41.184600	-37.392600	-11.935100	-11.661700	1019
-41.430200	-37.650800	-11.804200	-11.541400	1020
-41.421300	-37.589100	-11.572200	-11.321100	1021
-41.025400	-37.142300	-11.368000	-11.154000	1022
-40.569300	-36.654600	-11.481700	-11.164300	1023
-40.043800	-36.053900	-11.992200	-11.295300	1024
-39.599200	-35.488500	-11.557400	-11.160800	1025
-39.284800	-35.062300	-11.317500	-11.041200	1026
-38.794800	-34.426800	-11.026200	-10.780800	1027
-37.929600	-33.468200	-10.902600	-10.669200	1028
-36.778300	-32.378000	-11.047400	-10.889100	1029
-35.586700	-31.078000	-11.028900	-10.969400	1030
-34.336500	-29.981900	-10.756300	-10.821700	1031
-33.093800	-28.972200	-10.437300	-10.583700	1032
-31.925300	-27.304000	-10.153500	-10.230800	1033
-30.506900	-25.643600	-10.048900	-10.057900	1034
-28.907300	-24.234800	-10.067400	-10.067800	1035
-27.499300	-22.811500	-10.009100	-10.016100	1036
-26.355000	-21.687500	-9.957560	-9.947220	1037
-24.990900	-20.665500	-9.940840	-9.918350	1038
-23.246300	-19.556000	-9.829440	-9.839660	1039
-21.801800	-18.420700	-9.601920	-9.648500	1040
-20.951700	-17.160500	-9.321210	-9.485140	1041
-20.158500	-15.987300	-9.131510	-9.564280	1042
-19.025300	-15.344300	-9.063370	-9.824600	1043
-17.756000	-15.180200	-9.075060	-9.983270	1044
-16.653600	-15.242400	-9.206800	-9.978960	1045
-16.053600	-15.146400	-9.430450	-9.881190	1046
-15.657100	-15.041100	-9.800770	-9.783480	1047
-14.964400	-15.401000	-10.359600	-9.769260	1048
-14.058100	-16.018400	-10.943300	-9.867800	1049
-13.114600	-16.907300	-11.458800	-10.118500	1050
-12.539700	-17.812900	-11.914800	-10.426100	1051
-12.366100	-18.576200	-12.222900	-10.561000	1052
-12.290800	-19.435300	-12.639300	-10.756300	1053
-11.920100	-20.436500	-13.305800	-11.185900	1054
-11.411100	-21.775600	-13.949700	-11.622600	1055
-11.280600	-23.302900	-14.588200	-12.043500	1056
-11.538600	-24.657500	-15.196700	-12.330600	1057
-11.743000	-25.781100	-15.819300	-12.593000	1058
-11.439800	-26.941300	-16.521500	-12.940200	1059
-11.298100	-27.962600	-17.374600	-13.367900	1060
-11.580800	-28.715600	-18.539300	-13.988500	1061
-11.680400	-29.741300	-19.642800	-14.512400	1062
-11.564300	-31.067900	-20.574300	-14.986300	1063
-11.533700	-32.170800	-21.529400	-15.602800	1064
-11.571900	-32.973600	-22.315200	-16.050200	1065
-11.570200	-33.730400	-23.027200	-16.433300	1066
-11.746700	-34.390000	-23.925600	-17.091200	1067
-12.209400	-34.862700	-24.921500	-17.948700	1068
-12.726500	-35.041400	-25.926500	-18.937900	1069
-13.294500	-35.029700	-26.752900	-19.813300	1070
-14.155800	-34.820300	-27.499400	-20.557900	1071
-15.237500	-34.023600	-28.713300	-21.813900	1072
-16.047000	-32.943400	-30.092800	-23.260000	1073
-16.631400	-32.100900	-31.214300	-24.411000	1074
-17.494400	-31.440400	-32.351200	-25.654600	1075
-18.701400	-30.451600	-33.226900	-26.864900	1076
-19.808600	-29.169400	-33.571800	-27.906800	1077
-20.536800	-28.154100	-33.515700	-28.149400	1078
-21.251000	-27.165900	-33.873200	-29.078100	1079
-22.304200	-25.864400	-34.435900	-30.351600	1080
-23.120600	-24.538200	-34.921400	-31.454100	1081
-23.438500	-23.383400	-35.387000	-32.507700	1082
-24.131600	-22.210600	-36.068900	-33.776300	1083
-25.251700	-20.865500	-36.654300	-35.069700	1084
-26.196000	-19.617800	-36.764900	-36.171400	1085
-26.844600	-18.504800	-36.868500	-37.345200	1086
-27.297400	-17.263400	-37.295700	-38.642700	1087
-27.774800	-15.800400	-37.739100	-39.858400	1088
-28.338500	-13.946200	-38.073900	-41.019400	1089
-28.803100	-12.176200	-38.470500	-42.272100	1090
-29.163800	-10.917400	-38.963100	-43.510600	1091
-29.534500	-9.505520	-39.307400	-44.468700	1092
-29.756400	-7.705310	-39.523400	-45.321900	1093
-29.979600	-5.664620	-39.994000	-46.413900	1094
-30.619500	-3.550450	-40.615800	-47.641100	1095
-31.379000	-1.858630	-41.199000	-48.779800	1096
-31.673000	-0.337637	-41.705800	-49.711100	1097
-31.598000	1.411190	-42.095000	-50.413700	1098
-31.702900	3.174830	-42.674900	-51.153600	1099
-32.199300	4.692590	-43.371000	-51.940200	1100
-32.469800	5.780250	-43.907300	-52.486900	1101
-32.235600	6.489300	-44.325600	-52.659900	1102
-32.083400	6.745800	-44.453400	-52.445300	1103
-31.977500	6.760240	-44.614300	-52.294100	1104
-31.750100	6.752350	-45.103200	-52.314900	1105
-31.643400	6.346190	-45.406300	-52.066000	1106
-31.354000	5.394630	-45.729100	-51.894700	1107
-30.626100	3.894070	-46.297500	-51.979300	1108
-29.801600	2.438830	-47.025000	-52.036500	1109
-29.300400	1.189820	-47.897200	-52.012100	1110
-28.884700	-0.261201	-48.658900	-51.886400	1111
-28.045300	-1.619010	-49.449200	-51.806700	1112
-27.075100	-2.983320	-50.312600	-51.712400	1113
-26.326000	-4.446530	-51.253600	-51.736100	1114
-25.604300	-5.650190	-52.456800	-52.131900	1115
-24.723200	-6.805980	-53.744200	-52.514100	1116
-23.591100	-7.893630	-54.806100	-52.635800	1117
-22.291900	-8.807250	-55.863200	-52.874100	1118
-21.162300	-9.884920	-57.488500	-53.591200	1119
-20.165600	-10.881000	-58.697200	-53.935200	1120
-19.177700	-11.491500	-59.817100	-54.296000	1121
-17.975000	-11.991800	-61.023400	-54.957700	1122
-16.203500	-12.624200	-62.169600	-55.621100	1123
-14.544000	-12.991200	-63.220200	-56.005400	1124
-13.292000	-13.041700	-64.327400	-56.490800	1125
-12.374700	-13.566500	-65.569500	-57.381300	1126
-11.338500	-14.158300	-66.640400	-58.266300	1127
-10.121300	-14.442900	-67.394500	-59.050400	1128
-9.161620	-14.449800	-68.158400	-60.004500	1129
-8.383880	-14.340100	-69.131500	-61.198000	1130
-7.185810	-13.960800	-70.110100	-62.634500	1131
-5.914310	-13.218500	-70.875100	-63.991600	1132
-5.481680	-12.423800	-71.571900	-65.034400	1133
-5.044430	-11.640800	-72.308100	-66.095100	1134
-4.345750	-10.552300	-72.995800	-67.236500	1135
-3.984520	-9.376130	-72.491900	-67.332400	1136
-3.712560	-8.161660	-71.104200	-66.779500	1137
-3.736700	-6.579280	-69.877700	-66.529100	1138
-4.054530	-4.931450	-68.908200	-66.514800	1139
-4.379990	-3.244470	-68.211100	-66.632300	1140
-4.670520	-1.279300	-68.480600	-67.532000	1141
-4.853450	0.645084	-69.476200	-69.073400	1142
-4.893130	2.315460	-70.494900	-70.662900	1143
-5.048670	4.157090	-71.697500	-72.374500	1144
-5.359350	5.845210	-73.092400	-74.124400	1145
-5.918550	8.161820	-74.473600	-75.909000	1146
-6.718480	9.931950	-75.753600	-77.764100	1147
-7.219000	11.901800	-77.132900	-79.361000	1148
-7.669970	14.184900	-78.423000	-80.656700	1149
-7.883120	15.967100	-79.267900	-81.972600	1150
-7.873410	17.874100	-79.969900	-83.218800	1151
-7.882260	19.845200	-80.614700	-84.049400	1152
-7.920740	21.125500	-81.072700	-84.600200	1153
-7.943820	21.938100	-81.503400	-85.257400	1154
-7.907730	22.687100	-81.968100	-85.940200	1155
-7.691450	23.493300	-82.661000	-86.943200	1156
-7.452090	24.186000	-82.365100	-86.764300	1157
-7.190980	24.842600	-81.719900	-86.067000	1158
-6.960690	25.427200	-81.500400	-85.707900	1159
-6.889310	25.567900	-81.711400	-85.735900	1160
-6.863030	24.702600	-82.148100	-86.005500	1161
-6.512200	24.401300	-82.913500	-86.490200	1162
-5.605200	23.765200	-83.990500	-87.145900	1163
-4.106440	22.565200	-85.200200	-87.953600	1164
-2.671240	22.515000	-86.284800	-88.427500	1165
-1.376480	21.649100	-87.946100	-89.081300	1166
-0.266758	20.480100	-88.787800	-89.432700	1167
0.813772	19.510600	-89.226300	-89.529200	1168
2.239330	18.302400	-89.724400	-89.382600	1169
4.238780	16.762900	-90.486300	-89.537600	1170
6.337250	15.110300	-91.272700	-89.568600	1171
8.147520	13.780600	-91.847900	-89.696100	1172
9.947320	12.754300	-92.575900	-89.935500	1173
11.898300	11.409100	-93.400200	-90.327600	1174
13.718000	9.810180	-93.906900	-90.661800	1175
15.566300	8.380870	-94.488100	-90.862700	1176
17.708500	7.135320	-94.843400	-90.822000	1177
19.527000	5.919600	-95.015100	-90.661200	1178
21.015000	4.864570	-95.538600	-90.683600	1179
22.692900	4.073400	-96.259500	-91.469500	1180
24.061500	3.304200	-97.045000	-92.677800	1181
25.038200	2.809380	-97.979400	-93.657400	1182
26.090200	2.730080	-98.776600	-94.500900	1183
27.175600	2.900350	-98.935700	-94.860800	1184
27.939300	3.153640	-98.991300	-95.162000	1185
28.219100	3.673470	-99.006400	-95.690900	1186
28.156800	4.475920	-99.365000	-96.471500	1187
27.853100	5.493550	-99.464700	-96.898400	1188
27.463100	6.727870	-99.488800	-97.354200	1189
26.843800	8.238470	-99.318700	-97.609700	1190
25.981000	9.944210	-98.266600	-97.005500	1191
25.626100	11.070900	-96.392000	-95.697400	1192
25.126200	12.593500	-96.980900	-97.217100	1193
24.344400	14.296000	-97.234100	-97.742700	1194
22.966900	16.117200	-97.781600	-98.554200	1195
21.485500	18.179800	-97.007100	-98.415800	1196
20.317300	20.456300	-95.760900	-97.979000	1197
18.980500	22.429700	-94.746300	-97.676700	1198
17.341800	23.898300	-94.523000	-97.898900	1199
15.765100	25.279000	-94.178200	-97.535100	1200
14.301800	26.799400	-92.559300	-96.719300	1201
12.671400	28.042200	-91.775000	-96.261500	1202
11.075000	28.803600	-90.810000	-95.238600	1203
9.680430	29.588400	-89.884500	-94.495200	1204
7.969760	30.167200	-89.206500	-94.419800	1205
6.082520	30.129000	-88.475000	-93.734300	1206
4.644780	29.748500	-88.042500	-93.074600	1207
3.315050	29.526900	-87.324300	-92.431900	1208
2.037550	29.325400	-86.715600	-91.481300	1209
1.195640	28.880800	-86.127300	-90.352800	1210
0.338730	28.254200	-85.512000	-89.533800	1211
-0.692546	26.989600	-85.276200	-88.891200	1212
-1.649250	25.286100	-83.806100	-87.160300	1213
-2.577740	23.498300	-82.823900	-86.012600	1214
-3.327470	21.558100	-81.781400	-84.670200	1215
-3.657640	19.861900	-80.909000	-82.936200	1216
-3.983190	18.117000	-80.132700	-81.434500	1217
-4.517460	15.951300	-79.255600	-80.248200	1218
-5.032400	13.796500	-78.800900	-78.954600	1219
-5.703930	11.559000	-78.464000	-77.553700	1220
-6.084140	9.369470	-77.786400	-76.126400	1221
-6.178180	7.173150	-77.173000	-74.713700	1222
-6.203580	4.978460	-76.400200	-73.594700	1223
-6.094030	2.861220	-75.233700	-72.341900	1224
-5.796890	0.802992	-75.479400	-71.642400	1225
-5.664150	-1.493260	-74.655000	-69.877100	1226
-5.207180	-3.765410	-73.961500	-68.799400	1227
-4.177300	-5.360650	-73.364700	-67.851200	1228
-4.926200	-8.273750	-72.471200	-66.658500	1229
-4.188650	-10.109200	-71.830400	-65.980300	1230
-3.523170	-11.993100	-72.221700	-66.599900	1231
-2.976330	-13.945800	-73.109400	-67.680300	1232
-2.602260	-16.001900	-73.165400	-67.738600	1233
-2.411120	-17.741800	-71.465200	-65.916000	1234
-2.341970	-19.342100	-66.491100	-59.824000	1235
-2.614960	-21.339300	-64.858500	-58.297100	1236
-3.397720	-23.503500	-64.212000	-57.533800	1237
-3.629240	-24.547900	-63.436600	-56.570300	1238
-4.248280	-25.550300	-62.350700	-55.583500	1239
-4.964370	-26.472400	-61.270600	-54.617500	1240
-5.564260	-27.122700	-60.151700	-53.574100	1241
-6.302180	-27.588400	-59.140900	-52.843800	1242
-7.441220	-28.051200	-58.127500	-52.068600	1243
-8.745280	-28.717400	-56.960600	-51.097400	1244
-9.803360	-29.064700	-55.840400	-50.297200	1245
-10.786900	-29.221700	-54.821000	-49.610200	1246
-11.612700	-29.342200	-53.757400	-48.788800	1247
-12.243900	-29.162800	-52.558000	-47.845800	1248
-13.012800	-28.998800	-51.197400	-47.006100	1249
-13.972100	-28.832100	-49.872100	-46.243800	1250
-15.027900	-28.524800	-48.805300	-45.637700	1251
-16.048400	-28.130400	-47.903100	-45.153500	1252
-16.974200	-27.673900	-47.024500	-44.578400	1253
-17.967200	-27.219800	-46.009500	-44.052700	1254
-19.085600	-26.781900	-44.940100	-43.561900	1255
-20.167300	-26.319200	-43.946100	-42.994700	1256
-21.156900	-25.695700	-42.780000	-42.411400	1257
-21.999500	-24.967000	-41.695100	-41.957100	1258
-22.883600	-24.219100	-40.728700	-41.483200	1259
-23.702800	-23.265900	-39.459800	-40.701500	1260
-24.439700	-22.401500	-38.147800	-39.798100	1261
-25.273300	-22.036900	-37.039100	-39.027000	1262
-26.002500	-21.741100	-36.004800	-38.363000	1263
-26.791500	-21.514000	-34.887000	-37.679700	1264
-27.643400	-21.348100	-33.662200	-36.881600	1265
-28.162100	-20.964800	-32.455500	-35.936900	1266
-28.304200	-20.784400	-31.237500	-34.875400	1267
-28.518300	-20.972800	-30.079000	-33.847000	1268
-28.902400	-21.409000	-29.060100	-32.836600	1269
-29.056800	-21.968100	-28.096200	-31.756600	1270
-29.045200	-22.551700	-27.246000	-30.795600	1271
-29.086100	-23.125700	-26.489700	-29.912200	1272
-28.986800	-23.574400	-25.671200	-28.791700	1273
-28.749500	-24.210200	-24.823900	-27.596600	1274
-28.590300	-25.097700	-23.922800	-26.370300	1275
-28.363100	-25.886500	-24.511200	-25.988100	1276
-28.102500	-26.715300	-23.904300	-24.826400	1277
-28.103500	-27.862400	-22.262100	-23.031100	1278
-28.066100	-29.032400	-20.032600	-20.979000	1279
-27.708300	-29.799300	-19.125300	-19.378000	1280
-27.339200	-30.610700	-18.484000	-18.256600	1281
-26.947200	-31.657100	-17.794100	-17.058000	1282
-26.431700	-32.584900	-16.925500	-15.494800	1283
-26.137500	-33.529400	-16.068500	-13.892200	1284
-26.132700	-34.525100	-15.458600	-12.459400	1285
-26.025100	-35.287600	-15.015000	-11.303500	1286
-25.448800	-35.598800	-14.516900	-10.251600	1287
-24.836500	-35.750000	-13.923900	-9.111890	1288
-24.738000	-36.020900	-13.348300	-8.040270	1289
-24.809100	-36.284900	-12.783900	-7.022880	1290
-24.917500	-36.512200	-12.264700	-6.013820	1291
-25.291800	-36.584800	-11.808600	-5.124210	1292
-25.772500	-36.405300	-11.304500	-4.390440	1293
-26.181500	-36.124300	-10.871700	-3.627140	1294
-26.690600	-35.763200	-10.506100	-2.658920	1295
-27.324500	-35.188200	-10.196300	-1.660080	1296
-28.050600	-34.509800	-10.044800	-0.506878	1297
-29.016200	-34.021300	-9.809930	2.040690	1298
-29.915900	-33.430500	-9.426050	1.998140	1299
-30.707900	-32.464900	-8.780090	2.050360	1300
-31.845200	-31.772400	-7.895430	2.122360	1301
-33.105600	-31.069400	-7.079840	2.024400	1302
-34.111600	-29.930600	-6.364610	1.749810	1303
-34.985100	-28.976500	-5.877430	1.025640	1304
-35.924300	-28.354400	-4.928940	1.121540	1305
-36.803000	-27.804600	-3.895230	1.345540	1306
-37.336000	-27.114500	-2.540150	-0.508308	1307
-37.538100	-26.259800	-1.044690	-1.463390	1308
-37.579300	-25.354100	0.232714	-2.177720	1309
-37.611400	-24.624300	-0.277052	-2.690870	1310
-37.763700	-24.203700	-1.491950	-2.722050	1311
-37.868700	-23.854300	-2.645840	-2.028640	1312
-37.702500	-23.556700	-3.491460	-1.087040	1313
-37.484400	-23.506100	-3.896780	-1.251300	1314
-37.360900	-23.477200	-4.088570	-1.422630	1315
-36.981300	-23.263300	-3.963820	-1.439290	1316
-36.274300	-22.896600	-3.721850	-1.329030	1317
-35.339800	-22.225100	-3.703080	-2.269120	1318
-34.050700	-21.465400	-3.677790	-2.424970	1319
-33.041200	-20.937800	-3.719710	-2.082260	1320
-32.015100	-20.312300	-3.834050	-1.633970	1321
-30.786300	-19.682800	-3.728370	-1.256110	1322
-29.688400	-19.275900	-3.543720	-0.926514	1323
-28.578000	-18.667300	-3.398320	-0.792971	1324
-27.442900	-17.848300	-3.216860	-0.788982	1325
-26.239000	-17.097900	-3.151570	-0.825116	1326
-25.178300	-16.471500	-3.341530	-1.079250	1327
-24.275600	-16.204800	-3.610280	-1.338680	1328
-23.408500	-16.343900	-3.792790	-1.448550	1329
-22.548800	-16.127000	-4.120340	-1.667980	1330
-21.540000	-15.283000	-4.550320	-1.941700	1331
-20.244400	-14.454900	-4.817470	-2.058010	1332
-18.979100	-14.041800	-5.014800	-2.290130	1333
-18.019400	-13.894400	-5.331330	-2.937050	1334
-17.142200	-13.581100	-5.635610	-3.702640	1335
-16.315500	-13.277400	-5.833480	-4.230690	1336
-15.590400	-13.219600	-6.112450	-4.722400	1337
-15.138600	-13.239500	-6.484870	-5.252730	1338
-14.967300	-13.331000	-6.824330	-5.633550	1339
-14.675400	-13.599800	-7.190970	-6.004240	1340
-14.343600	-13.745100	-7.642080	-6.427470	1341
-14.076700	-13.717400	-8.003680	-6.716050	1342
-13.676800	-13.694500	-8.221710	-6.900600	1343
-13.093500	-13.444800	-8.446460	-7.130020	1344
-12.642600	-13.441200	-8.645450	-7.375560	1345
-12.475200	-13.653100	-8.732980	-7.522120	1346
-12.562000	-13.450700	-8.873250	-7.645970	1347
-12.963000	-13.312200	-9.066730	-7.818640	1348
-13.265700	-13.725300	-9.131590	-7.899510	1349
-13.729400	-14.424200	-9.074040	-7.851450	1350
-14.092900	-15.152100	-8.982780	-7.688180	1351
-14.127500	-15.867900	-8.967680	-7.486650	1352
-14.238500	-16.303500	-9.016280	-7.307720	1353
-14.470700	-16.261600	-9.006990	-7.042840	1354
-14.568300	-16.104600	-8.913090	-6.725670	1355
-14.531700	-16.272300	-8.815460	-6.487730	1356
-14.868300	-16.553800	-8.650960	-6.336300	1357
-15.385100	-16.787900	-8.359090	-6.187330	1358
-15.678300	-17.250100	-8.181720	-5.994670	1359
-15.967100	-17.822800	-8.245070	-5.789220	1360
-16.075800	-18.369200	-8.018250	-5.583060	1361
-16.262200	-18.789000	-7.512220	-5.282670	1362
-16.334700	-18.493000	-7.137210	-4.938620	1363
-16.291200	-18.127100	-6.845690	-4.730770	1364
-16.523800	-18.512600	-6.396210	-4.594080	1365
-16.542700	-18.783800	-6.120460	-4.375730	1366
-16.387100	-18.707900	-5.963720	-4.132750	1367
-16.289200	-18.715800	-5.919240	-3.932270	1368
-16.389800	-18.950800	-5.885990	-3.636200	1369
-16.698800	-19.149400	-5.776820	-3.200810	1370
-16.793700	-19.080900	-5.783900	-2.976480	1371
-16.753000	-19.001300	-5.943780	-2.822540	1372
-16.602200	-18.695300	-5.960660	-2.465410	1373
-16.363800	-18.170400	-5.841630	-2.155280	1374
-16.383100	-17.973800	-5.759930	-1.996890	1375
-16.524500	-18.049500	-5.751060	-1.767880	1376
-16.530100	-18.171600	-5.878540	-1.315580	1377
-16.538300	-18.199100	-6.062140	-0.615832	1378
-16.676300	-18.211400	-6.161590	0.375295	1379
-16.588100	-18.038600	-6.226930	1.206560	1380
-16.380100	-17.711400	-6.169610	1.099280	1381
-16.433200	-17.600600	-5.884580	1.029860	1382
-16.649300	-17.764300	-5.497350	-0.568869	1383
-16.818100	-17.900900	-5.121990	-1.284250	1384
-16.925700	-17.952700	-4.864940	-1.674380	1385
-17.133800	-18.032200	-4.722830	-1.881000	1386
-17.428200	-18.094600	-4.621400	-1.939020	1387
-17.730600	-18.537600	-4.589280	-2.005550	1388
-18.080400	-19.224100	-4.542720	-2.315040	1389
-18.301800	-19.425900	-4.338110	-2.755630	1390
-18.357600	-19.521300	-4.205260	-3.171890	1391
-18.577800	-19.971200	-4.170970	-3.624700	1392
-19.249300	-20.309900	-3.878050	-4.105390	1393
-19.654400	-20.443400	-3.472350	-4.439460	1394
-19.824800	-20.631900	-3.273620	-4.668530	1395
-19.796400	-21.230800	-3.128150	-4.880510	1396
-19.163100	-21.910800	-2.849770	-5.124900	1397
-19.111900	-22.163800	-2.784770	-5.325280	1398
-19.580300	-22.452200	-3.049230	-5.253600	1399
-19.979800	-22.814700	-3.238910	-5.075090	1400
-19.941400	-22.942600	-3.334710	-4.991390	1401
-19.952200	-23.030700	-3.682670	-4.795140	1402
-20.257800	-23.350000	-4.126780	-4.381550	1403
-20.595300	-23.421000	-4.349760	-3.970460	1404
-20.776100	-22.988300	-4.448590	-3.481630	1405
-20.944000	-22.742800	-4.452600	-3.074300	1406
-21.124700	-22.727400	-4.434120	-3.017090	1407
-21.057400	-22.568700	-4.639760	-3.096640	1408
-20.993400	-22.580800	-4.802500	-3.072750	1409
-21.283600	-23.112200	-4.715650	-3.029790	1410
-21.639700	-23.409900	-4.652500	-2.966700	1411
-20.530200	-22.660000	-4.626480	-2.722900	1412
-21.454100	-22.065500	-4.585590	-2.393830	1413
-22.712200	-21.659900	-4.636830	-2.087940	1414
-21.370900	-21.421500	-4.726620	-1.669220	1415
-21.232700	-21.300800	-4.814820	-1.153920	1416
-21.182000	-20.985900	-4.831190	-0.767491	1417
-21.108300	-20.412900	-4.723580	-0.674058	1418
-20.918200	-19.967600	-4.631480	-0.697027	1419
-21.173400	-20.155700	-4.629550	-0.699670	1420
-21.113100	-20.001700	-4.623060	-0.628007	1421
-21.114000	-19.765800	-4.602010	-0.412817	1422
-21.394400	-19.733400	-4.534110	-0.285598	1423
-21.525200	-19.627700	-4.355200	-0.232560	1424
-21.340700	-19.363700	-4.159370	-0.251228	1425
-21.257800	-19.331400	-4.044790	-0.440460	1426
-21.258900	-19.216400	-4.080140	-0.266096	1427
-21.423800	-19.142600	-4.236590	0.763302	1428
-21.657000	-19.344200	-4.364360	0.682571	1429
-21.799900	-19.621600	-4.439320	0.617098	1430
-21.799500	-19.674500	-4.529760	0.608778	1431
-21.830600	-19.645400	-4.525270	0.572461	1432
-21.930600	-19.982900	-4.459620	0.655104	1433
-22.013900	-20.548800	-4.162390	0.879288	1434
-22.162800	-20.950000	-4.065190	1.018400	1435
-22.765700	-21.183700	-4.080580	1.000090	1436
-23.556800	-21.231100	-4.318140	1.005070	1437
-26.052000	-21.250400	-4.388750	1.108800	1438
-24.856600	-21.033300	-4.401860	1.153280	1439
-22.074200	-20.827400	-4.343930	1.157440	1440
-21.017800	-21.259900	-4.305350	1.045840	1441
-22.290000	-22.166700	-4.297960	0.903530	1442
-23.006400	-22.701800	-4.181170	0.917674	1443
-23.601900	-23.095100	-3.956720	0.970816	1444
-23.969300	-23.657500	-3.681880	1.053990	1445
-24.012500	-24.113000	-3.522220	1.072560	1446
-23.928400	-24.137400	-3.447400	1.006040	1447
-23.751500	-23.895200	-3.311410	1.045230	1448
-23.631100	-23.747300	-3.163920	1.167930	1449
-23.492100	-23.741300	-3.086960	1.282730	1450
-23.280800	-23.681600	-3.104920	1.292810	1451
-23.097200	-23.585900	-3.080910	1.300080	1452
-22.937100	-23.360700	-2.941740	1.445380	1453
-22.722500	-22.892600	-2.834390	1.509100	1454
-22.325600	-22.419800	-2.761870	1.505910	1455
-22.374200	-21.996100	-2.649940	1.585220	1456
-22.027300	-21.555600	-2.473540	1.749840	1457
-21.639400	-21.157100	-2.350780	1.893500	1458
-21.194000	-20.851100	-2.424890	1.872340	1459
-20.699500	-20.634300	-2.416570	1.902110	1460
-20.405300	-20.362900	-2.180430	2.120850	1461
-20.308800	-20.014000	-1.857260	1.743710	1462
-20.237900	-19.699800	-1.583810	1.409260	1463
-20.151800	-19.348600	-1.408200	1.227220	1464
-19.958100	-19.005200	-1.215700	1.064960	1465
-19.681900	-18.746800	-1.063750	0.945241	1466
-19.486300	-18.550400	-1.009960	0.940101	1467
-19.523900	-18.473800	-0.896641	0.910166	1468
-19.594800	-18.373500	-0.742210	0.856994	1469
-19.609200	-18.251500	-0.820890	0.792052	1470
-19.632100	-18.207800	-0.948594	0.640279	1471
-19.802200	-18.406100	-0.883488	0.579699	1472
-19.967100	-18.643500	-0.847762	0.709423	1473
-20.152600	-18.823700	-0.906108	0.857073	1474
-20.403800	-18.932600	-0.924165	0.976406	1475
-20.630200	-19.025500	-0.884497	1.157530	1476
-20.845600	-19.233400	-0.824942	1.403520	1477
-21.102400	-19.503800	-0.777030	1.758640	1478
-21.309900	-19.697800	-0.818065	1.816770	1479
-21.677900	-20.049900	0.052196	1.909660	1480
-22.271000	-20.665600	-0.533934	0.954083	1481
-22.681700	-21.257000	-1.054260	0.246075	1482
-22.739200	-21.748200	-0.841604	0.360960	1483
-22.862000	-22.538700	-0.776859	0.591453	1484
-23.219800	-23.213900	-0.900447	0.870966	1485
-23.698100	-23.476900	-0.963023	1.248090	1486
-24.030700	-23.829600	-0.956287	1.367300	1487
-24.326300	-23.754200	-0.883999	1.250440	1488
-25.022500	-23.873200	-0.798184	1.265680	1489
-25.779700	-24.678500	-0.776814	1.376430	1490
-26.542000	-25.767400	-0.817309	1.349000	1491
-27.176000	-26.400300	-0.846712	1.422270	1492
-27.631600	-26.652000	-0.835765	1.648120	1493
-27.946600	-26.912400	-0.813111	1.725590	1494
-28.254800	-27.124500	-0.693479	1.427270	1495
-28.440800	-27.511400	-0.487722	1.002490	1496
-28.361500	-27.934000	-0.393942	0.757589	1497
-27.484700	-28.001300	-0.374842	0.642405	1498
-26.773300	-28.050100	-0.336456	0.498013	1499
-26.908000	-28.131800	-0.370948	0.393376	1500
-27.757900	-28.108400	-0.468486	0.384773	1501
-27.756200	-27.893900	-0.443427	0.223597	1502
-27.832500	-27.595600	-0.280587	-0.014075	1503
-27.938200	-27.721500	-0.194301	-0.146875	1504
-27.902500	-27.881500	-0.197565	-0.058042	1505
-27.764900	-27.613600	-0.224196	0.310163	1506
-27.584300	-27.279200	-0.465431	0.718302	1507
-27.452400	-27.007200	-0.731769	1.146630	1508
-27.327700	-26.801200	-0.683303	1.826510	1509
-27.138200	-26.590800	-0.514659	2.723800	1510
-26.783000	-26.167400	-0.377323	2.574820	1511
-26.367000	-25.723000	-0.148496	2.144220	1512
-25.938700	-25.450100	0.104034	1.850510	1513
-25.562700	-25.132000	0.270680	1.469280	1514
-25.291700	-24.806300	0.467376	1.081260	1515
-25.021800	-24.547300	0.717344	0.954371	1516
-24.780400	-24.292100	0.870241	0.969262	1517
-24.585500	-24.130100	0.856598	0.874116	1518
-24.479400	-23.985100	0.819319	0.813989	1519
-24.378200	-23.752300	0.885705	0.924395	1520
-24.561700	-23.927600	1.114050	1.142700	1521
-24.863100	-24.146000	1.256090	1.195760	1522
-24.976200	-24.110100	1.105830	0.917861	1523
-24.989300	-24.071800	1.008930	0.482070	1524
-25.205100	-24.144500	1.147750	0.138452	1525
-25.414200	-24.224700	1.437460	0.000602	1526
-25.534800	-24.559300	1.751260	-0.073003	1527
-25.952300	-25.247400	1.787990	-0.274269	1528
-26.711500	-26.091600	1.658340	-0.445436	1529
-27.413500	-27.284300	1.678680	-0.455846	1530
-28.078000	-29.051800	1.618680	-0.427015	1531
-28.598300	-30.531200	1.320560	-0.408823	1532
-29.774500	-32.540300	1.028450	-0.351367	1533
-30.704100	-34.313900	0.809785	-0.073321	1534
-32.173700	-35.600600	0.656336	0.164370	1535
